1.287926009168589 1.611907622130488
1.267787621724068 1.5521169586059456
1.2477387894303313 1.493467010929705
1.2277793171098577 1.4359454003077077
1.2079090151199599 1.3795398505524261
1.1881276883503067 1.3242381559876848
1.1684351462807228 1.2700282097170934
1.1488311987960609 1.2168979910120208
1.1293156526198675 1.164835555414876
1.1098883180841788 1.1138290526658636
1.0905490027376057 1.0638667091907275
1.0712975170673742 1.014936842737165
1.0521336711195677 0.9670278530122025
1.0330572746710232 0.9201282218259719
1.0140681374787595 0.8742265133783369
0.9951660699562341 0.829311375489697
0.9763508840582429 0.7853715411501014
0.9576223881683784 0.7423958162151685
0.9389803966558841 0.7003731011173913
0.9204247193720143 0.6592923662544647
0.9019551682144804 0.6191426666778455
0.8835715534093443 0.5799131334637946
0.8652736904438604 0.5415929880693526
0.8470613902032084 0.5041715208643254
0.8289344653293637 0.46763810437644215
0.8108927297571704 0.43198219168429475
0.7929359949505559 0.39719330859519886
0.775064076270197 0.3632610657403528
0.7572767857357514 0.33017514414884874
0.7395739386814764 0.2979253075393764
0.7219553489238566 0.26650139281190377
0.7044208314611804 0.23589331465292318
0.68697019894341 0.20609105900489788
0.6696032684964941 0.1770846944340403
0.652319855297406 0.14886436057812236
0.6351197735354923 0.1214202696871951
0.6180028402777138 0.09474271241869969
0.60096887068306 0.06882204977320527
0.5840176813559521 0.043648718026812805
0.5671490876443535 0.019213224265593132
0.5503629085911532 -0.004493846818306668
0.5336589588475487 -0.02748184491114647
0.517037056618781 -0.04976004311229676
0.5004970191489022 -0.07133764471334703
0.4840386643779874 -0.09222378128269915
0.4676618115384527 -0.11242751239282756
0.451366275820592 -0.13195783247446946
0.4351518781103455 -0.1508236592758001
0.4190184362020499 -0.16903384494808416
0.40296576970890285 -0.18659717054434333
0.3869936959621982 -0.203522350931863
0.37110203675750836 -0.21981802792108196
0.35529061085493774 -0.2354927786560741
0.33955923763556717 -0.250555111978212
0.32390773789788607 -0.2650134681287619
0.30833593090946243 -0.2788762218800057
0.2928436392303313 -0.292151678543195
0.27743068226135337 -0.3048480800383523
0.26209688144756293 -0.3169736006566084
0.24684205812941434 -0.328536349303999
0.23166603416030868 -0.3395443693581428
0.21656863234521911 -0.3500056387654489
0.20154967257052459 -0.3599280729982697
0.18660897891782086 -0.3693195205373522
0.1717463733853375 -0.3781877674972076
0.15696167941728234 -0.38654053566196334
0.14225471823286226 -0.39438548491973824
0.12762531563694188 -0.40173020990517694
0.11307329336758265 -0.4085822449586748
0.09859847638751844 -0.4149490607009315
0.08420068734507957 -0.4208380670134432
0.06987975198919472 -0.4262566110166358
0.05563549423774683 -0.4312119794831327
0.04146773857235091 -0.4357113981320322
0.027376310714406493 -0.4397620318272447
0.013361034832482707 -0.44337098573622835
-0.0005782624468079571 -0.44654530453901764
-0.014441756561255719 -0.4492919739156829
-0.028229620155103923 -0.45161791978574206
-0.04194202891928771 -0.45353000973823265
-0.055579155399814915 -0.4550350522844513
-0.06914117189072386 -0.4561397977977151
-0.08262825318838374 -0.4568509389417633
-0.0960405709044232 -0.45717511054349913
-0.10937829897507727 -0.4571188902316068
-0.12264160839572233 -0.4566887986374629
-0.13583067209212837 -0.4558912997299651
-0.14894566195457667 -0.4547328011312982
-0.16198674952713804 -0.45321965445381984
-0.17495410628584804 -0.4513581555848366
-0.18784790395983464 -0.4491545449164387
-0.20066831218783315 -0.446615008086254
-0.21341550282772664 -0.44374567550969957
-0.2260896461488715 -0.440552623368068
-0.2386909113727594 -0.4370418739397579
-0.2512194705455643 -0.43321939478059324
-0.26367549133196944 -0.4290911011082681
-0.2760591453986424 -0.42466285354284294
-0.2883706005272439 -0.4199404609841788
-0.30061002572441264 -0.41492967922863644
-0.3127775909608751 -0.40963621119670024
-0.32487346387256366 -0.4040657086405297
-0.3368978138140233 -0.3982237706879336
-0.3488508072833607 -0.3921159462875047
-0.36073261444779925 -0.3857477312531461
-0.3725434009219105 -0.3791245727849444
-0.3842833355796908 -0.37225186562683366
-0.39595258516327136 -0.36513495528258444
-0.40755131664961475 -0.3577791370089325
-0.4190796969123811 -0.3501896562744007
-0.4305378913253066 -0.3423717100014483
-0.4419260682876699 -0.3343304437547153
-0.4532443918411896 -0.32607095711581724
-0.4644930298274219 -0.31759829821413954
-0.4756721461969408 -0.30891746960006783
-0.4867819070341114 -0.300033424065144
-0.4978224774510106 -0.2909510672403548
-0.5087940217768024 -0.2816752577991314
-0.5196967056240206 -0.27221080598126113
-0.5305306926705089 -0.2625624766018595
-0.5412961474952857 -0.25273498689844076
-0.5519932340064992 -0.24273300816732535
-0.5626221161721106 -0.23256116537937055
-0.5731829568614859 -0.22222403856781026
-0.5836759204682581 -0.21172616054180926
-0.594101169427063 -0.2010720205654386
-0.6044588662605366 -0.1902660626554732
-0.6147491741594495 -0.179312685191803
-0.6249722552284583 -0.1682162430129558
-0.6351282722722806 -0.15698104577776717
-0.6452173858230308 -0.14561136151507914
-0.6552397589364186 -0.13411141154533457
-0.665195552310048 -0.12248537621266875
-0.6750849279500301 -0.11073739097044766
-0.684908046452976 -0.09887154979798263
-0.694665067823221 -0.08689190456679796
-0.7043561546513837 -0.07480246133795754
-0.7139814653458625 -0.06260718898630446
-0.7235411607941589 -0.05031001120835621
-0.7330354001407335 -0.037914812068483794
-0.7424643449695205 -0.025425430818432182
-0.7518281527763198 -0.012845670729698666
-0.7611269839930412 -0.00017929007493289184
-0.770360996500518 0.012569990289274191
-0.7795303505526326 0.02539849339188449
-0.7886352038098758 0.03830257905202128
-0.7976757140680251 0.05127864735694665
-0.8066520405634197 0.06432314035719533
-0.8155643405067015 0.07743253683933182
-0.8244127715201954 0.09060335557126331
-0.8331974912879263 0.10383215458461459
-0.8419186573163814 0.11711553059018343
-0.850576425955506 0.13045011722366495
-0.8591709543251163 0.14383258774189756
-0.8677023992245166 0.15725965314190837
-0.8761709160378239 0.17072806016375197
-0.8845766615648861 0.18423459552710586
-0.8929197919529797 0.1977760824550323
-0.9012004625567487 0.21134938017222882
-0.9094188284718123 0.224951384512329
-0.9175750455440465 0.23857902937627973
-0.9256692682060593 0.25222928291043933
-0.9337016514377857 0.26589915053432467
-0.9416723498748851 0.27958567323167927
-0.9495815174713204 0.29328592672442055
-0.9574293093511296 0.3069970244588558
-0.9652158781801272 0.32071611106163367
-0.9729413781390661 0.33444036903627894
-0.9806059627369612 0.34816701473236944
-0.988209785214413 0.3618932988190724
-0.9957529985743138 0.3756165061141816
-1.0032357557368243 0.38933395564545825
-1.0106582091023761 0.4030429996282905
-1.0180205110410177 0.41674102413831626
-1.0253228138464303 0.43042544881814937
-1.0325652687342866 0.4440937247711032
-1.039748028596361 0.45774333953891966
-1.0468712438269 0.47137180899578457
-1.0539350667738676 0.48497668558738694
-1.0609396473464705 0.498555549710999
-1.0678851375558718 0.5121060182496304
-1.074771686964039 0.5256257355393965
-1.0815994466635674 0.5391123809068221
-1.0883685666784748 0.5525636633823194
-1.0950791965782751 0.5659773226703062
-1.1017314866337333 0.5793511312567541
-1.1083255861232297 0.5926828908196158
-1.114861644539911 0.6059704344382126
-1.1213398109263426 0.6192116250471504
-1.1277602342283242 0.6324043559467611
-1.1341230627578855 0.6455465494928416
-1.1404284454054363 0.6586361593937298
-1.1466765305631352 0.6716711682970344
-1.152867465752817 0.6846495867908795
-1.1590013991135437 0.6975694563108785
-1.1650784779981613 0.7104288460046146
-1.1710988505246154 0.7232258558095732
-1.1770626628786116 0.7359586105294438
-1.182970062754496 0.7486252669506805
-1.1888211967229432 0.7612240080449677
-1.194616211065914 0.773753044541313
-1.2003552523089194 0.7862106158860303
-1.206038466630951 0.798594988780108
-1.2116659999563837 0.8109044571817594
-1.2172379978863894 0.8231373419616372
-1.222754605996693 0.8352919913644095
-1.2282159694760806 0.8473667800249973
-1.2336222332179196 0.8593601089757641
-1.2389735423181114 0.8712704065650652
-1.2442700415744534 0.8830961271646474
-1.2495118750167393 0.8948357499252766
-1.2546991870918054 0.9064877812378473
-1.2598321217607338 0.9180507525322745
-1.2649108228581907 0.9295232208969899
-1.269935433728942 0.9409037680736136
-1.274906098006422 0.9521910020363429
-1.2798229589849497 0.9633835553934873
-1.284686159340108 0.9744800845637174
-1.289495842104149 0.9854792718183467
-1.2942521494714985 0.9963798223757936
-1.2989552238098634 1.0071804665323043
-1.303605207579978 1.0178799593085044
-1.3082022423062845 1.0284770779037427
-1.3127464701078515 1.0389706250432442
-1.3172380320763126 1.0493594250637033
-1.3216770697733027 1.0596423271952276
-1.3260637243473181 1.0698182033493375
-1.330398136573305 1.0798859480345113
-1.3346804467610074 1.0898444779685614
-1.3389107958129436 1.099692734368837
-1.343089323962182 1.1094296798485885
-1.3472161709582964 1.1190542986758039
-1.3512914769142002 1.1285655985793563
-1.3553153815471208 1.1379626088124284
-1.3592880240182834 1.1472443796089435
-1.3632095436745 1.1564099837492106
-1.3670800795725762 1.1654585152839005
-1.3708997706543466 1.1743890897780247
-1.3746687549165282 1.1832008422058848
-1.378387171551245 1.1918929317923745
-1.382055158436267 1.2004645359825026
-1.3856728534506277 1.2089148533559495
-1.38924039448511 1.217243103490024
-1.3927579193034212 1.2254485264740893
-1.396225564864641 1.2335303811705196
-1.3996434687275183 1.241487948330855
-1.4030117678085579 1.249320527541335
-1.4063305986723023 1.257027437745308
-1.409600098180488 1.2646080185937127
-1.412820402339563 1.2720616276146761
-1.4159916479067434 1.2793876437789216
-1.4191139701942623 1.2865854622667863
-1.4221875053044264 1.2936544994807755
-1.4252123887193096 1.3005941896348423
-1.4281887558065025 1.307403985769842
-1.4311167416134356 1.3140833591311512
-1.4339964812122796 1.3206317998055481
-1.4368281094883717 1.327048816084321
-1.4396117607030587 1.3333339333278298
-1.4423475693689822 1.3394866958002738
-1.4450356695988407 1.3455066650464649
-1.4476761953743815 1.3513934203526374
-1.4502692803309656 1.357146558119915
-1.4528150583217285 1.3627656929691288
-1.4553136623035239 1.3682504551323906
-1.4577652255528954 1.3736004929983316
-1.4601698811973183 1.3788154719221764
-1.4625277616663968 1.383895072900275
-1.4648389999006004 1.3888389950417483
-1.4671037278383245 1.3936469521721069
-1.4693220779574345 1.398318675992213
-1.4714941820765686 1.4028539133826397
-1.4736201719803255 1.407252427593603
-1.4757001791333162 1.411513997508163
-1.47773433495624 1.4156384180742156
-1.4797227707302412 1.4196254999601887
-1.481665617147037 1.423475068525054
-1.4835630052982227 1.4271869656540361
-1.485415065419806 1.4307610471407064
-1.4872219282316594 1.4341971851704223
-1.4889837235698866 1.437495265549113
-1.4907005815810452 1.4406551898538877
-1.492372632026513 1.443676873975086
-1.4940000045171469 1.4465602484272209
-1.4955828284958737 1.4493052581798351
-1.4971212329507566 1.451911862040716
-1.4986153471415375 1.4543800337656148
-1.5000652996179236 1.4567097602719805
-1.5014712191711181 1.458901043089878
-1.5028332340987547 1.460953897038538
-1.5041514726756045 1.4628683508477853
-1.5054260629469738 1.4646444467023185
-1.5066571326772575 1.4662822400583235
-1.5078448095174672 1.4677817997532223
-1.5089892208821807 1.469143207712337
-1.5100904941383062 1.4703665590434252
-1.511148756161133 1.4714519614152612
-1.5121641339361511 1.4723995356017525
-1.5131367540454899 1.4732094148149857
-1.5140667430353798 1.4738817449371386
-1.5149542271093552 1.4744166841444128
-1.515799332402229 1.4748144029914823
-1.516602184777831 1.4750750841575422
-1.5173629099260093 1.4751989223941875
-1.5180816334065477 1.4751861243900732
-1.5187584804719816 1.4750369086482813
-1.5193935763169368 1.4747515053526752
-1.5199870457728841 1.4743301563460158
-1.520539013696867 1.4737731148050988
-1.5210496045275088 1.4730806454570056
-1.5215189427227054 1.4722530240238618
-1.521947152361942 1.4712905376411163
-1.5223343574746444 1.4701934842064883
-1.5226806818290917 1.4689621726595856
-1.5229862490078976 1.4675969227573318
-1.5232511824316408 1.4660980648205633
-1.5234756053093872 1.4644659398284041
-1.5236596406692742 1.4627008991647097
-1.5238034113438692 1.4608033046052942
-1.5239070399782861 1.4587735281556204
-1.5239706490284188 1.4566119519528464
-1.5239943607609017 1.4543189681505586
-1.5239782972533704 1.4518949788703424
-1.5239225804005783 1.449340396173854
-1.5238273318946258 1.4466556412952798
-1.5236926732635767 1.4438411458770903
-1.5235187258078442 1.440897350135697
-1.523305610693545 1.4378247046825625
-1.5230534488459 1.4346236685431473
-1.5227623610306 1.4312947103814087
-1.522432467837015 1.427838308025898
-1.5220638896439609 1.4242549480227265
-1.5216567466443403 1.4205451258360333
-1.5212111588369692 1.4167093456632833
-1.5207272461032606 1.412748120955794
-1.5202051280191318 1.4086619727533694
-1.5196449240660563 1.4044514313392784
-1.519046753503519 1.400117035089243
-1.5184107354174614 1.395659330756775
-1.5177369887595102 1.3910788736230342
-1.5170256321216917 1.3863762258843457
-1.5162767841291145 1.3815519592029486
-1.5154905630802922 1.3766066521955018
-1.5146670871260604 1.371540891533554
-1.5138064742488897 1.3663552716964165
-1.5129088422590953 1.3610503948442427
-1.511974308692125 1.355626870127141
-1.5110029910348375 1.350085314916055
-1.5099950064468601 1.3444263530925151
-1.508950472046143 1.3386506165860297
-1.507869504675353 1.332758743958537
-1.506752221006074 1.3267513809052391
-1.5055987375836888 1.3206291803944725
-1.5044091706613592 1.3143928016930557
-1.503183636356607 1.3080429111166447
-1.5019222506398782 1.3015801818660155
-1.5006251293882154 1.2950052941983867
-1.4992923879735418 1.2883189332613112
-1.497924141970917 1.281521792586156
-1.4965205065291851 1.2746145708242445
-1.49508159674928 1.2675979735531517
-1.4936075273902054 1.2604727117452632
-1.4920984131608337 1.2532395031073182
-1.4905543686250293 1.2458990715185023
-1.4889755080353988 1.2384521461578846
-1.48736194552671 1.2308994623454304
-1.4857137949691346 1.223241760766669
-1.4840311701965203 1.2154797884518587
-1.4823141850351955 1.2076142988004763
-1.4805629525271224 1.1996460479497881
-1.4787775860610939 1.1915757998803307
-1.476958198645206 1.1834043229981894
-1.4751049033327923 1.1751323919779786
-1.4732178125027104 1.1667607844682215
-1.4712970388941713 1.1582902856267014
-1.4693426947670594 1.1497216842991476
-1.4673548922886002 1.1410557746591228
-1.4653337434059182 1.1322933555672052
-1.463279360008478 1.1234352311958342
-1.461191853615543 1.1144822096004257
-1.4590713357048544 1.1054351040621575
-1.4569179174302869 1.0962947318001022
-1.4547317100157442 1.0870619155695014
-1.4525128244267294 1.077737482182616
-1.4502613711602352 1.0683222615652341
-1.4479774608240048 1.0588170891155055
-1.4456612040139005 1.049222805093387
-1.4433127106398318 1.0395402517579773
-1.440932090982373 1.0297702776685376
-1.4385194546235585 1.0199137332012964
-1.4360749114436988 1.0099714745696993
-1.433598570842943 0.9999443605636158
-1.4310905421311748 0.9898332540729287
-1.4285509345353686 0.9796390220376356
-1.425979856847445 0.9693625339641492
-1.4233774179391794 0.9590046639215257
-1.4207437265072669 0.9485662894412514
-1.4180788909005735 0.9380482907670502
-1.4153830194022285 0.9274515519060531
-1.4126562200650277 0.9167769599078082
-1.409898600788777 0.9060254051010115
-1.4071102693627724 0.8951977811881879
-1.4042913332981577 0.8842949845258805
-1.4014419000272547 0.8733179148316865
-1.3985620769545497 0.862267475305341
-1.3956519706911128 0.8511445696308844
-1.3927116885490602 0.8399501076355751
-1.3897413367737708 0.828684998468012
-1.3867410223389136 0.8173501573669251
-1.3837108511164664 0.8059464986569582
-1.380650929785388 0.7944749428933051
-1.3775613639308124 0.7829364096420532
-1.3744422597043235 0.7713318236475823
-1.3712937224834763 0.759662109758156
-1.368115857945456 0.7479281968623546
-1.3649087713590013 0.7361310151940259
-1.3616725678063668 0.7242714970987059
-1.3584073523123845 0.7123505774433674
-1.3551132297694477 0.7003691932751241
-1.3517903046717061 0.6883282827965254
-1.348438681349975 0.6762287861670788
-1.3450584641995844 0.6640716462606626
-1.3416497575111945 0.6518578079850696
-1.3382126650755737 0.6395882168103144
-1.3347472907768596 0.6272638208378316
-1.3312537378331728 0.6148855680389622
-1.3277321102412718 0.6024544113198063
-1.324182510812964 0.589971301508478
-1.3206050429319802 0.5774371935086653
-1.3169998092463857 0.5648530416385062
-1.3133669127915624 0.5522198035090264
-1.3097064559834637 0.5395384364505293
-1.306018541281043 0.5268098997682862
-1.3023032708685855 0.514035153583253
-1.2985607469142388 0.5012151596679415
-1.2947910714217268 0.4883508808769652
-1.2909943457988953 0.47544327962861677
-1.287170671969442 0.4624933216366762
-1.2833201510075876 0.44950197121523106
-1.279442884638485 0.43647019630282036
-1.27553897328337 0.4233989618244247
-1.271608518320947 0.4102892372402349
-1.2676516204850863 0.3971419911080405
-1.2636683800091486 0.38395819153902266
-1.259658897685064 0.37073880965290296
-1.2556232735034856 0.35748481502332563
-1.2515616075384566 0.34419717855643017
-1.2474739995478372 0.3308768711252079
-1.2433605497784932 0.31752486613773945
-1.239221357102484 0.3041421334318102
-1.235056521417756 0.29072964701889603
-1.2308661419480682 0.27728837951698293
-1.2266503174823615 0.2638193028978828
-1.2224091471971514 0.2503233910681053
-1.218142729705023 0.23680161677630496
-1.2138511634351523 0.2232549527901293
-1.2095345472426693 0.20968437376224003
-1.20519297871991 0.19609085086920075
-1.2008265566256868 0.18247535939487936
-1.1964353781706825 0.16883887018669386
-1.1920195418480106 0.15518235843430417
-1.1875791448409139 0.14150679556448398
-1.1831142846203178 0.12781315415903682
-1.1786250582312197 0.11410240570634222
-1.1741115633040315 0.100375523643222
-1.1695738960762292 0.08663347728424897
-1.1650121540301437 0.07287723979469707
-1.1604264332258507 0.059107780065286164
-1.1558168302269904 0.045326068495738836
-1.1511834416206221 0.03153307548294615
-1.1465263630589115 0.01772976853241537
-1.1418456909059982 0.003917117115493252
-1.1371415207595412 -0.009903911763085915
-1.1324139482486772 -0.02373235123847761
-1.127663069042592 -0.03756723461440048
-1.1228889780282025 -0.051407597795573357
-1.1180917706145865 -0.06525247553157265
-1.1132715418958306 -0.07910090390111735
-1.1084283865396458 -0.09295192065965963
-1.103562398843767 -0.10680456510130143
-1.0986736740524028 -0.12065787436237307
-1.0937623060910093 -0.1345108899073385
-1.088828389398707 -0.14836265235891222
-1.0838720175521255 -0.16221220541691928
-1.0788932848533004 -0.17605859144429448
-1.0738922845554153 -0.1899008564623631
-1.0688691104183123 -0.20373804585477318
-1.0638238559770516 -0.21756920644893396
-1.058756614324191 -0.23139338714096203
-1.0536674786900833 -0.24520963734173207
-1.0485565413469953 -0.2590170099860092
-1.0434238958579294 -0.27281455548470235
-1.0382696342125675 -0.2866013294989007
-1.0330938492631934 -0.3003763864137652
-1.027896632820791 -0.314138784470676
-1.022678077371119 -0.32788758123298534
-1.0174382747427768 -0.3416218371585804
-1.01217731665784 -0.35534061416821117
-1.0068952948156455 -0.36904297546592124
-1.0015923006145349 -0.3827279862978582
-0.9962684254179862 -0.396394713294389
-0.9909237605795825 -0.41004222444774696
-0.9855583969089995 -0.4236695905074037
-0.980172425034193 -0.43727588407358486
-0.9747659360237093 -0.4508601780682434
-0.9693390202440607 -0.4644215486551997
-0.9638917678847725 -0.47795907393309456
-0.9584242696959699 -0.49147183214732393
-0.9529366152445666 -0.504958906044106
-0.9474288947267248 -0.5184193784134348
-0.9419011975616254 -0.5318523355812368
-0.9363536137461808 -0.5452568641325927
-0.9307862324542509 -0.5586320543479639
-0.9251991430627815 -0.5719769977426794
-0.9195924345753241 -0.5852907884860756
-0.9139661960722208 -0.5985725223557695
-0.9083205163790591 -0.6118212975583672
-0.9026554840418692 -0.6250362148087251
-0.8969711879076788 -0.6382163760074192
-0.8912677160254228 -0.6513608868260543
-0.8855451566291558 -0.6644688544445748
-0.8798035978298535 -0.6775393883020677
-0.8740431274080107 -0.6905716005939534
-0.8682638331614808 -0.7035646055069364
-0.8624658024003911 -0.7165175203826335
-0.8566491233015694 -0.7294294627233616
-0.8508138826768568 -0.7422995551972287
-0.8449601675819918 -0.7551269220637216
-0.8390880648169641 -0.7679106903118684
-0.8331976616529602 -0.7806499881113458
-0.8272890445104608 -0.7933439477129035
-0.821362300155879 -0.8059917028782242
-0.815417514478309 -0.818592391524505
-0.809454773867618 -0.8311451528054695
-0.8034741644346266 -0.8436491288074558
-0.7974757721105585 -0.8561034643584925
-0.7914596830377215 -0.8685073062473855
-0.7854259818853934 -0.8808598067091729
-0.7793747551588182 -0.8931601166501536
-0.7733060870560309 -0.90540739414687
-0.7672200638273815 -0.9176007956090896
-0.7611167695433249 -0.9297394843497828
-0.7549962894698974 -0.9418226238197186
-0.7488587085260594 -0.9538493807398061
-0.7427041109409143 -0.9658189257727124
-0.7365325811561907 -0.9777304317695505
-0.7303442033508827 -0.9895830747249533
-0.7241390617151988 -1.0013760332712915
-0.7179172401621722 -1.01310848925322
-0.7116788224320241 -1.0247796275444692
-0.7054238921970901 -1.0363886358726315
-0.6991525335091058 -1.0479347040253293
-0.6928648285960626 -1.0594170279165684
-0.6865608612646406 -1.0708348033443509
-0.6802407150163544 -1.0821872295091672
-0.6739044720324324 -1.0934735108223208
-0.6675522152336119 -1.1046928532145572
-0.6611840275392389 -1.1158444655135429
-0.6547999908884921 -1.126927561165539
-0.6484001878081751 -1.1379413555048241
-0.6419847008157991 -1.1488850668412605
-0.6355536115179916 -1.1597579180063717
-0.629107001892381 -1.1705591341752595
-0.6226449535752954 -1.1812879441007884
-0.6161675482217681 -1.191943579526778
-0.609674867163091 -1.2025252757733624
-0.6031669919736287 -1.2130322708297119
-0.5966440035152673 -1.223463806921472
-0.590105982476004 -1.2338191296350973
-0.5835530102915384 -1.2440974864936258
-0.5769851673470254 -1.2542981298206648
-0.5704025338336179 -1.2644203153762728
-0.563805191095536 -1.2744633003287418
-0.5571932181811231 -1.2844263485408125
-0.5505666963959532 -1.2943087236637536
-0.5439257050414548 -1.3041096955946798
-0.537270323939602 -1.3138285366801754
-0.5306006325477949 -1.323464523054608
-0.5239167112023687 -1.3330169328701085
-0.5172186381500226 -1.3424850505639125
-0.510506493454203 -1.3518681612903394
-0.5037803561918963 -1.3611655549409805
-0.49704030480085576 -1.370376525620847
-0.4902864182676625 -1.3795003700274602
-0.4835187753740204 -1.3885363885190636
-0.4767374550349916 -1.3974838846794713
-0.4699425346702054 -1.4063421674635403
-0.4631340934598701 -1.4151105469356902
-0.45631220842331144 -1.423788339390299
-0.4494769586491021 -1.432374861924068
-0.4426284214122415 -1.4408694374088993
-0.43576667367770183 -1.4492713925423812
-0.4288917941546452 -1.4575800553799934
-0.4220038595380545 -1.4657947599494476
-0.41510294723882757 -1.4739148429224793
-0.40818913418141 -1.481939645080637
-0.4012624973706506 -1.4898685106546186
-0.39432311353051697 -1.4977007877579518
-0.387371059419052 -1.5054358280387803
-0.3804064114507459 -1.5130729871156894
-0.3734292463142186 -1.5206116239095298
-0.3664396399929556 -1.5280511017215912
-0.3594376682838252 -1.5353907876589443
-0.3524234078336804 -1.542630051579186
-0.34539693349790274 -1.5497682688424363
-0.3383583219813646 -1.556804816576944
-0.33130764794977713 -1.5637390776426958
-0.32424498712582167 -1.5705704375170613
-0.3171704149600378 -1.5772982856542734
-0.3100840062627286 -1.5839220158247402
-0.3029858360728529 -1.590441025292141
-0.29587597924548203 -1.5968547152208334
-0.28875451028714066 -1.6031624908251876
-0.2816215038907581 -1.6093637609000466
-0.2744770344167954 -1.6154579382938428
-0.2673211759928251 -1.6214444398182146
-0.2601540034928096 -1.6273226854529437
-0.2529755894087186 -1.6330921009149777
-0.2457860090156198 -1.6387521134575662
-0.23858533544834953 -1.644302155872359
-0.2313736422581214 -1.6497416644242897

0.43021975140589364 -1.6460841799603885
0.43812898390621935 -1.6400617858104223
0.4460432261704391 -1.6338948576279537
0.45396241699010503 -1.6275831958325253
0.461886493655029 -1.6211266061581897
0.46981539586492316 -1.6145248965024188
0.47774906180548216 -1.607777880090289
0.48568743049957064 -1.6008853735536979
0.49363044011164536 -1.5938471983809284
0.5015780310421566 -1.5866631781750486
0.5095301411446118 -1.5793331429123008
0.5174867111477685 -1.5718569240325206
0.525447679305957 -1.564234359358689
0.5334129857402522 -1.5564652890511175
0.5413825697312266 -1.5485495581598478
0.5493563712598881 -1.5404870151338925
0.5573343311620664 -1.5322775116042147
0.5653163876890485 -1.5239209059445136
0.5733024827188842 -1.5154170568386967
0.5812925552181774 -1.5067658300994804
0.589286546710317 -1.4979670928670008
0.5972843972683702 -1.4890207179033514
0.6052860473182342 -1.4799265816624059
0.6132914383751409 -1.4706845634065489
0.6213005107849664 -1.4612945477824772
0.6293132059238908 -1.451756422293038
0.6373294640579793 -1.4420700798152666
0.6453492278757585 -1.432235414341246
0.6533724374873999 -1.422252327032575
0.6613990357313567 -1.412120719710773
0.669428962917716 -1.401840501393651
0.6774621615425443 -1.3914115823645294
0.6854985737367869 -1.3808338773608286
0.6935381409349913 -1.3701073060562416
0.7015808058800554 -1.359231790398789
0.7096265099041925 -1.3482072582474254
0.7176751966701749 -1.337033638275719
0.7257268073063158 -1.3257108666513067
0.7337812855546637 -1.314238879889262
0.7418385734354804 -1.3026176209127165
0.7498986144625593 -1.2908470344873446
0.7579613512774394 -1.2789270706093068
0.7660267263738045 -1.2668576834969905
0.7740946842764614 -1.2546388282882126
0.7821651669185175 -1.2422704679867724
0.790238119295914 -1.2297525648808256
0.7983134834611831 -1.2170850897456402
0.8063912039021031 -1.2042680135296302
0.8144712247136184 -1.1913013117015807
0.8225534895207787 -1.1781849644149518
0.8306379421185544 -1.1649189554976658
0.838724526906276 -1.1515032717150229
0.846813188274375 -1.1379379037519564
0.8549038705396983 -1.1242228463268449
0.8629965183569244 -1.1103580974922873
0.8710910760128021 -1.096343659835472
0.8791874889053908 -1.0821795379128023
0.8872857012797786 -1.0678657421745017
0.8953856587894509 -1.0534022844745234
0.9034873059962667 -1.0387891824774096
0.9115905880972982 -1.0240264565977228
0.9196954509970794 -1.009114129811162
0.9278018399854123 -0.9940522300612821
0.9359097006761778 -0.978840788547353
0.9440189782879179 -0.9634798410662645
0.9521296195079065 -0.9479694244685924
0.9602415691872213 -0.9323095829374128
0.9683547747339638 -0.9165003595560388
0.9764691816047696 -0.9005418049857863
0.984584735594943 -0.884433973078131
0.9927013839952833 -0.8681769185180881
1.00081907269498 -0.8517707025716575
1.0089377490511429 -0.8352153873367898
1.0170573593786874 -0.8185110407985201
1.0251778503836977 -0.8016577339368973
1.0332991692354976 -0.7846555405412381
1.0414212634875069 -0.7675045373371647
1.0495440794299435 -0.7502048074761933
1.0576675651542071 -0.7327564340415023
1.0657916679940036 -0.7151595054514446
1.0739163352069874 -0.6974141140341384
1.0820415146750777 -0.6795203544865839
1.09016715463154 -0.6614783244273339
1.0982932022999337 -0.64328812742444
1.106419606032285 -0.6249498682431676
1.1145463142879461 -0.6064636550764395
1.1226732747064214 -0.5878296016699347
1.1308004353396983 -0.5690478245377809
1.138927745988588 -0.5501184398010098
1.147055154561024 -0.5310415716103672
1.155182609746881 -0.5118173459669971
1.1633100598344837 -0.4924458934833671
1.17143745497699 -0.472927343956399
1.179564742966696 -0.4532618364618286
1.1876918743059999 -0.43344950716016006
1.1958187968758214 -0.413490502193418
1.2039454610944342 -0.39338496511269905
1.2120718162809545 -0.3731330457439058
1.2201978114318854 -0.3527348983307552
1.2283233969516472 -0.3321906771727291
1.2364485224560982 -0.3115005421104394
1.2445731380058955 -0.2906646554225061
1.252697193578347 -0.2696831831537124
1.2608206394718744 -0.24855629406654467
1.2689434258460313 -0.22728416082041525
1.2770655026089384 -0.20586696028152063
1.285186821465588 -0.18430486808819957
1.2933073324517919 -0.1625980677841763
1.301426985636347 -0.1407467463725911
1.3095457331560094 -0.11875108878060003
1.3176635247660056 -0.09661128984704304
1.3257803124337235 -0.0743275418838143
1.3338960469702577 -0.05190004381408664
1.342010679418697 -0.02932899740170769
1.3501241616529311 -0.006614605547405228
1.3582364455013456 0.016242925310276712
1.3663474813003993 0.03924338107729275
1.374457222174934 0.06238655212418065
1.3825656191130817 0.08567221935060387
1.3906726241656135 0.10910016326829375
1.3987781894926348 0.13267016131753584
1.406882267820413 0.1563819892191498
1.4149848108887042 0.18023541644195018
1.4230857710037226 0.20423021072912118
1.4311851008432308 0.2283661375681989
1.4392827530941215 0.25264295913629775
1.447378680399029 0.2770604341410212
1.4554728356944167 0.3016183188469308
1.4635651718783413 0.3263163660867008
1.4716556416732494 0.3511543248369413
1.4797441985575808 0.3761319430893779
1.487830795856313 0.40124896508771823
1.49591538746756 0.4265051335921297
1.503997925724346 0.45190018319521563
1.512078364493251 0.477433850002684
1.5201566580779484 0.5031058682788612
1.5282327596877991 0.5289159655800475
1.536306623854377 0.5548638704463087
1.5443782043244658 0.5809493056940369
1.5524474551549203 0.6071719919154863
1.5605143299998403 0.6335316451731614
1.5685787844962922 0.6600279848258113
1.576640772436758 0.6866607210298548
1.5847002478159897 0.7134295613931938
1.5927571657869215 0.7403342141964031
1.6008114815310335 0.7673743846962908
1.6088631496268655 0.7945497729938837
1.616912124623117 0.8218600759326318
1.6249583621814856 0.8493049910066242
1.6330018172284189 0.8768842101089109
1.6410424452337855 0.9045974238869461
1.6490802015532533 0.9324443195095744

1.6494474843496858 0.696051958248086
1.6418285593600555 0.6691383712736818
1.63420504523455 0.6423368453027876
1.6265769602882485 0.6156476761813372
1.6189443221578137 0.5890711563079614
1.6113071486402095 0.5626075775885155
1.6036654583108754 0.5362572335471851
1.5960192689150914 0.5100204137527793
1.5883685987485923 0.483897408589405
1.580713465206977 0.4578885042919649
1.5730538867148007 0.43199398952577917
1.5653898815451117 0.4062141513370232
1.5577214673627153 0.3805492736390006
1.5500486622827245 0.3549996407777838
1.5423714840417047 0.3295655347534032
1.5346899512115053 0.30424723924069097
1.5270040816404493 0.27904503441854445
1.5193138932791772 0.2539591997165116
1.5116194046379228 0.22899001528440444
1.5039206329527615 0.2041377560391271
1.4962175969826512 0.17940270072900533
1.4885103145412368 0.1547851239400111
1.4807988035869135 0.1302852996283841
1.4730830821807277 0.10590350097395818
1.465363168140533 0.08163999928571819
1.4576390804822648 0.057495068513892855
1.4499108365793454 0.03346897633929302
1.4421784542544118 0.00956199076113351
1.434441951936991 -0.014225619459469208
1.4267013478422157 -0.037893587357142655
1.418956659925 -0.06144164788453832
1.411207906196923 -0.08486953693634591
1.40345510469988 -0.10817699143474502
1.395698273671385 -0.13136374884089985
1.3879374312580293 -0.15442954802249265
1.3801725951394794 -0.17737413035538196
1.3724037840277523 -0.20019723529346978
1.3646310152534473 -0.22289860748784185
1.356854307975338 -0.24547798737843096
1.3490736790468971 -0.26793512324744895
1.341289147705435 -0.29026975760960694
1.33350073091838 -0.312481640650512
1.3257084480599406 -0.3345705168163011
1.3179123162052357 -0.35653613824052877
1.3101123538040946 -0.37837825429178906
1.3023085796248335 -0.40009661462402635
1.2945010105150228 -0.4216909753795637
1.2866896655970177 -0.44316108752946115
1.278874562576414 -0.46450670712216136
1.2710557199696901 -0.48572758913603
1.2632331551640386 -0.5068234927663473
1.2554068870748363 -0.5277941742314569
1.2475769330175832 -0.5486393952068995
1.2397433115925909 -0.5693589150836882
1.2319060414298022 -0.5899524943681895
1.224065139547738 -0.6104198989556846
1.2162206251973005 -0.6307608900585322
1.2083725153927047 -0.6509752358731915
1.200520829327175 -0.6710627001291882
1.1926655846894705 -0.6910230516072757
1.1848067992654419 -0.7108560599825018
1.1769444917680705 -0.7305614937608829
1.1690786798129353 -0.7501391253826877
1.1612093820590283 -0.7695887258559448
1.1533366163501033 -0.788910069393838
1.1454604010435996 -0.808102930118465
1.1375807539583813 -0.8271670846435877
1.1296976937871426 -0.8461023086488262
1.121811237924467 -0.8649083821173931
1.1139214052800606 -0.8835850825894798
1.1060282135711619 -0.902132191634186
1.098131681024078 -0.9205494907932519
1.0902318255221137 -0.9388367635917836
1.082328665986192 -0.9569937923498206
1.0744222201382552 -0.9750203633541006
1.0665125054044644 -0.992916264719109
1.058599541266044 -1.0106812811052865
1.0506833451910125 -1.0283152029267157
1.042763935440616 -1.0458178199985486
1.034841330057083 -1.0631889238182255
1.026915546971504 -1.0804283073138952
1.0189866051954155 -1.0975357622754267
1.0110545221119516 -1.1145110852237272
1.0031193160527194 -1.1313540718223802
0.9951810052646315 -1.1480645191277807
0.9872396079560194 -1.1646422254871125
0.9792951425083659 -1.181086990099782
0.9713476268770845 -1.1973986142584463
0.963397079093958 -1.213576900294863
0.955443517480139 -1.2296216511599853
0.9474869603960379 -1.245532670948546
0.9395274252236474 -1.2613097669119768
0.9315649312389995 -1.2769527437556705
0.9235994960552467 -1.2924614107007235
0.915631137868258 -1.3078355770259837
0.9076598744886444 -1.3230750539625324
0.899685725157795 -1.338179651236996
0.891708706675077 -1.3531491844322208
0.8837288384446145 -1.367983465436017
0.8757461377708846 -1.3826823112927378
0.8677606231439094 -1.397245538057105
0.8597723130489351 -1.4116729630391562
0.8517812254196426 -1.4259644057780343
0.8437873779442799 -1.440119687455049
0.835790789542985 -1.4541386282962272
0.8277914781400957 -1.468021051528571
0.819789462171121 -1.4817667807178734
0.8117847594313725 -1.4953756417622506
0.8037773875666969 -1.5088474620153445
0.7957673656664052 -1.5221820676364328
0.7877547118704624 -1.5353792876390804
0.7797394438281343 -1.5484389530649885
0.7717215803036008 -1.5613608943681392
0.7637011391106352 -1.5741449447882447
0.7556781387954126 -1.5867909376300542
0.7476525969581149 -1.599298708930166
0.7396245323173053 -1.611668094211788
0.7315939624034251 -1.6238989320773265
0.7235609058321939 -1.6359910607020578
0.7155253813518136 -1.6479443193402719

-0.6221196411388771 -1.649337933097198
-0.6303144062079573 -1.6371584987324634
-0.6385086427030051 -1.6248313679847557
-0.646702333819927 -1.6123565937629225
-0.6548954613260687 -1.599734232399249
-0.6630880072257536 -1.5869643411674623
-0.6712799539296074 -1.574046977992512
-0.6794712841255731 -1.5609822016204329
-0.6876619795264923 -1.547770073624577
-0.6958520220945105 -1.534410656485369
-0.7040413944390327 -1.520904012907533
-0.712230078657694 -1.5072502077042844
-0.7204180571114209 -1.4934493065300225
-0.7286053116382174 -1.479501377202745
-0.7367918247465074 -1.4654064876857094
-0.7449775790994511 -1.4511647069283269
-0.7531625562751872 -1.4367761070424985
-0.7613467388229955 -1.4222407597301092
-0.7695301090786926 -1.407558738330885
-0.7777126491524863 -1.3927301178635243
-0.7858943411400559 -1.3777549746575408
-0.7940751682451446 -1.362633384269077
-0.802255111310984 -1.3473654278858456
-0.8104341534688124 -1.3319511837376683
-0.8186122768466879 -1.3163907331810525
-0.8267894637710005 -1.3006841584708724
-0.8349656965934482 -1.284831543079111
-0.8431409575164388 -1.268832972035467
-0.851315228937225 -1.252688531257691
-0.8594884931674515 -1.2363983080951058
-0.8676607324052947 -1.2199623913922424
-0.8758319287135315 -1.2033808715434096
-0.8840020647217813 -1.1866538390604544
-0.8921711230757949 -1.169781385663557
-0.900339085257423 -1.1527636067486005
-0.908505934669726 -1.1356005949805263
-0.9166716525300389 -1.1182924488615686
-0.9248362217703529 -1.1008392645552671
-0.9329996253645164 -1.0832411393523915
-0.9411618444889647 -1.0654981756815278
-0.9493228619803825 -1.0476104736610155
-0.9574826603507991 -1.029578135352966
-0.9656412218230637 -1.011401264712751
-0.9737985289232439 -0.9930799662787557
-0.9819545639432563 -0.9746143463660177
-0.9901093093424185 -0.9560045121668674
-0.9982627470183973 -0.937250573418825
-1.0064148602320582 -0.9183526379752776
-1.0145656306292015 -0.8993108186667154
-1.0227150408633667 -0.8801252272475137
-1.0308630734795488 -0.8607959769627396
-1.0390097108252425 -0.841323182770841
-1.04715493532196 -0.821706960704573
-1.055298729142726 -0.8019474286492017
-1.0634410755504364 -0.7820447030808659
-1.07158195582299 -0.7619989065669999
-1.079721353228684 -0.7418101580482785
-1.0878592497265824 -0.7214785809322635
-1.095995628006725 -0.701004298058393
-1.1041304705259123 -0.6803874340839695
-1.1122637594877398 -0.6596281155557153
-1.120395477825678 -0.6387264683962224
-1.1285256079741932 -0.6176826210295459
-1.1366541321448158 -0.5964967037034798
-1.1447810326033503 -0.5751688477790022
-1.152906292280406 -0.5536991841060508
-1.1610298938002483 -0.5320878455554261
-1.1691518187871308 -0.5103349689097878
-1.1772720510064247 -0.48844068645533834
-1.1853905717072248 -0.46640513847188814
-1.1935073640813336 -0.44422846123538484
-1.2016224109192075 -0.4219107933103259
-1.2097356944454456 -0.39945227604201694
-1.2178471968615323 -0.37685305208971376
-1.225956901039094 -0.35411326347788097
-1.2340647895654353 -0.33123305423739957
-1.2421708448584283 -0.30821257010308933
-1.2502750496286812 -0.2850519572032595
-1.2583773863046825 -0.26175136369106555
-1.2664778375759975 -0.23831093819237714
-1.2745763852611314 -0.21473083308818097
-1.2826730133699409 -0.19101119559293478
-1.2907677033653624 -0.16715218156594025
-1.2988604382379159 -0.1431539436197442
-1.306951200300713 -0.11901663758049419
-1.3150399730430988 -0.09474041696806434
-1.3231267377671216 -0.07032544307504418
-1.3312114781425708 -0.045771871287212273
-1.3392941764695359 -0.021079862321914833
-1.3473748149560827 0.003750421587638275
-1.3554533766477521 0.028718819566049936
-1.363529844033653 0.05382516782587654
-1.371604199997074 0.07906930259920886
-1.3796764266398414 0.10445105646658881
-1.3877465077045625 0.12997026596924943
-1.3958144245933506 0.15562675906021495
-1.4038801603845927 0.18142036777728388
-1.4119436984527194 0.20735092394269694
-1.4200050205308257 0.23341825290831375
-1.4280641097528295 0.2596221833286261
-1.4361209487314068 0.2859625409856039
-1.4441755202427764 0.3124391510001452
-1.4522278066538246 0.33905183594905774
-1.4602777915936287 0.3658004213984958
-1.4683254566026727 0.39268472479369954
-1.4763707848920287 0.4197045679322968
-1.484413759570332 0.44685977111201747
-1.4924543624920033 0.4741501492029687
-1.5004925775839348 0.5015755229167174
-1.508528386361842 0.5291357035743036
-1.516561772496253 0.556830508674304
-1.5245927184491603 0.5846597504006696
-1.5326212069705762 0.6126232407420111
-1.5406472205880455 0.6407207897264813
-1.5486707423350765 0.6689522079724548
-1.5566917553179909 0.6973173051987962
-1.5647102413657221 0.7258158854215044
-1.5727261842499551 0.7544477583717406
-1.580739566366943 0.7832127277287821
-1.5887503704144368 0.812110597063084
-1.596758579342372 0.8411411696847975
-1.6047641764492442 0.8703042490190445
-1.6127671440788287 0.8995996338554859
-1.6207674647765917 0.9290271225285494
-1.628765121806283 0.9585865148502188
-1.6367600979441492 0.9882776076860156
-1.64475237612061 1.0181001973128758

-1.1379530009738401 1.6491245082063233
-1.125776887505233 1.6202480217704132
-1.11358542398566 1.591660082114955
-1.1013786128755725 1.5633619301052137
-1.0891564581090023 1.5353548112550293
-1.0769189629684122 1.5076399707442363
-1.064666129188386 1.4802186515107705
-1.052397960535991 1.4530921023258934
-1.0401144604331063 1.4262615723589467
-1.0278156314265585 1.3997283100865214
-1.015501476145037 1.3734935654349556
-1.003171999210469 1.3475585937632104
-0.9908272020203768 1.3219246448288073
-0.9784670884149593 1.2965929747601725
-0.966091661428092 1.2715648391986143
-0.9537009240921387 1.2468414950012692
-0.9412948801911225 1.2224242017124296
-0.9288735322417915 1.198314217569016
-0.9164368835288854 1.1745128035391703
-0.9039849370796468 1.1510212212960669
-0.8915176961008164 1.1278407340584766
-0.8790351638913518 1.1049726064065122
-0.8665373434951803 1.0824181036460119
-0.8540242388214951 1.0601784938181114
-0.841495851988691 1.0382550429681423
-0.828952187159127 1.0166490219427393
-0.8163932466499639 0.9953616995695436
-0.8038190351000171 0.9743943498005523
-0.7912295540080213 0.9537482425097386
-0.7786248085074717 0.9334246547547869
-0.7660048008283704 0.9134248600032411
-0.7533695333629306 0.8937501332635867
-0.7407190114817752 0.8744017553302874
-0.728053237312835 0.8553810031138245
-0.7153722143149681 0.8366891567669992
-0.7026759457307149 0.8183274972830952
-0.6899644351662793 0.8002973073393935
-0.6772376855497269 0.7825998698112304
-0.6644957006540013 0.7652364699195233
-0.6517384836654265 0.7482083932210544
-0.6389660380197156 0.7315169267700516
-0.6261783682046603 0.7151633600974898
-0.6133754754025578 0.6991489796729233
-0.6005573652415371 0.6834750787363049
-0.5877240391615672 0.6681429464791566
-0.5748755024458811 0.6531538778882429
-0.5620117566748983 0.638509164719296
-0.5491328073737763 0.6242101044003081
-0.5362386568008123 0.6102579917726343
-0.5233293082670073 0.5966541240417556
-0.5104047659160779 0.5833998004050689
-0.4974650330370397 0.5704963202740201
-0.4845101129724546 0.5579449842610078
-0.4715400094277215 0.5457470944571592
-0.4585547261714377 0.533903954110595
-0.4455542661087179 0.5224168668105709
-0.4325386330501265 0.5112871380966841
-0.41950783116310697 0.5005160748830908
-0.4064618634135764 0.49010498418485127
-0.39340073299600914 0.4800551743682888
-0.38032444455413283 0.4703679560041092
-0.36723300122649016 0.46104463959686326
-0.35412640649766125 0.4520865370381246
-0.34100466460559087 0.44349496181656267
-0.327867778183244 0.43527122746598934
-0.31471575187402995 0.42741664990221273
-0.3015485887859626 0.4199325451679583
-0.28836629274771486 0.41282023083762276
-0.27516886728168843 0.40608102540251867
-0.26195631566159266 0.39971624834081476
-0.24872864313148613 0.39372722112493963
-0.2354858518938256 0.3881152648834709
-0.22222794616561478 0.38288170276353095
-0.20895493011335126 0.3780278589120376
-0.1956668072008124 0.37355505827160074
-0.18236358042444056 0.369464626750466
-0.16904525522294156 0.36575789205688025
-0.15571183334545177 0.36243618190336635
-0.14236332062697774 0.35950082614049905
-0.12899971920810493 0.35695315478887757
-0.11562103362629343 0.3547944994721395
-0.1022272681387526 0.35302619275042857
-0.08881842544272638 0.3516495680474565
-0.07539451052246923 0.3506659601037805
-0.061955526691186424 0.35007670452394457
-0.048501477929738065 0.34988313802027937
-0.03503236772033569 0.3500865983481103
-0.02154820055968454 0.3506884242882058
-0.00804898034647265 0.35168995563907157
0.005465289858301858 0.3530925333324122
0.018994604464756353 0.3548974990569542
0.032538961818428344 0.35710619603224725
0.046098356331733356 0.35971996795774475
0.05967278466381269 0.3627401598942015
0.07326224266881307 0.3661681177810794
0.08686672646591731 0.3700051886331981
0.10048623217251493 0.3742527204917059
0.11412075467064428 0.37891206198255145
0.1277702925611209 0.38398456404561077
0.14143483911782515 0.38947157672200383
0.15511439158145163 0.3953744525048708
0.1688089458987796 0.40169454442556596
0.1825184978224311 0.40843320641546454
0.1962430429100337 0.41559179327497153
0.2099825783311434 0.4231716616668062
0.2237370995983734 0.4311741684063477
0.23750660084667605 0.43960067038581996
0.25129108060917876 0.4484525281609768
0.26509053237038377 0.45773110011946105
0.27890495462399967 0.4674377489354198
0.2927343405587246 0.47757383461047076
0.3065786887144317 0.4881407219635274
0.32043799236939713 0.49913977285754374
0.3343122487021133 0.5105723530878121
0.34820145452557627 0.5224398292636612
0.3621056035255673 0.534743566265917
0.37602469270024236 0.5474849327617823
0.38995871708211727 0.5606652966354237
0.4039076743158043 0.574286029226498
0.4178715578378722 0.5883484987555885
0.43185036520702125 0.602854078450463
0.4458440910338165 0.6178041395142149
0.4598527322255016 0.6332000565165607
0.4738762838209717 0.6490432029755877
0.4879147405554744 0.6653349529091939
0.5019681004119433 0.6820766850720743
0.5160363568344033 0.6992697738185452
0.5301195076077344 0.7169155996644492
0.5442175464647825 0.7350155390507496
0.5583304706095005 0.753570973723682
0.572458274689199 0.7725832830650887
0.5866009553956546 0.7920538501009609
0.6007585071177513 0.8119840556295099
0.6149309264817878 0.8323752844654477
0.6291182086712066 0.8532289203192849
0.6433203495682749 0.8745463488196137
0.6575373448205024 0.896328956175491
0.6717691891758756 0.9185781280888405
0.6860158792609602 0.9412952540857666
0.7002774106115436 0.9644817229345009
0.7145537782073297 0.9881389233679947
0.7288449779534327 1.012268246519909
0.7431510059859492 1.0368710848629625
0.7574718561333575 1.0619488277585654
0.7718075250931393 1.0875028704018384
0.7861580095486861 1.1135346089956637
0.8005233025511682 1.140045434013222
0.8149034010320685 1.1670367438436897
0.8292983003470019 1.1945099349028965
0.8437079959607097 1.2224664046790759
0.8581324833591871 1.2509075515739543
0.872571758640841 1.2798347760983
0.8870258158446414 1.3092494754878174
0.9014946508424412 1.3391530514814067
0.9159782599537536 1.369546907681383
0.9304766374834824 1.4004324443388367
0.9449897798990459 1.4318110671296216
0.9595176816613912 1.4636841782841108
0.9740603386048549 1.4960531838428923
0.9886177455609491 1.528919488471459
1.0031898991554182 1.5622845017475733
1.0177767945368963 1.5961496307994367
1.0323784256543789 1.6305162807256108

0.9945047821490076 1.6208390916892865
0.9795707980908956 1.5870451356465018
0.9646490363683399 1.553767634072396
0.9497395008087262 1.521005391237396
0.934842197481982 1.4887572167137537
0.9199571296303629 1.4570219142833292
0.9050843055657953 1.4257982988512494
0.8902237274109889 1.3950851725344493
0.875375401632886 1.3648813469272758
0.8605393334206617 1.3351856312335153
0.845715528026881 1.305996835094943
0.8309039917227276 1.277313770416737
0.8161047278053934 1.249135243666208
0.8013177425613368 1.2214600674209932
0.7865430405589499 1.1942870513041846
0.7717806280718994 1.1676150083939696
0.7570305087931855 1.1414427474134055
0.742292689085445 1.115769082210643
0.7275671737290964 1.0905928241279326
0.7128539671197791 1.065912784248003
0.6981530763233972 1.0417277784341104
0.6834645047173549 1.0180366167473793
0.6687882577989254 0.9948381131302506
0.6541243410600347 0.9721310818096836
0.6394727600888594 0.9499143374519279
0.6248335193543213 0.9281866933640224
0.6102066237674857 0.9069469639171572
0.5955920791690887 0.8861939651614901
0.5809898903304545 0.8659265119359101
0.5664000624157891 0.846143420000181
0.5518226005149078 0.8268435053622349
0.5372575103422588 0.8080255851834288
0.5227047952033489 0.789688473906196
0.5081644627869819 0.77183099187327
0.49363651657669205 0.7544519544928683
0.479120962168517 0.7375501801661286
0.4646178044013224 0.7211244867475626
0.45012704844459595 0.7051736928470416
0.4356486994951518 0.6896966174592096
0.4211827623014501 0.6746920794747198
0.40672924303548486 0.6601588996052596
0.39228814523775507 0.6460958962747387
0.3778594753390596 0.6325018911524194
0.36344323773975046 0.6193757042942651
0.3490394374681253 0.6067161567599513
0.3346480798907122 0.5945220702740435
0.32026916971434527 0.5827922663756999
0.30590271283586973 0.5715255679455506
0.29154871254686004 0.5607207962225482
0.2772071760534593 0.550376775815347
0.26287810744955936 0.5404923293512072
0.24856151162313544 0.5310662804772566
0.23425739366396434 0.5220974533749592
0.2199657587344765 0.5135846726549278
0.20568661171485111 0.5055267631522233
0.19141995784255944 0.4979225503028142
0.17716580194740245 0.49077085971721757
0.16292414922790396 0.4840705175987652
0.1486950056598002 0.47782035086044683
0.13447837414584848 0.47201918549410604
0.12027426136356953 0.4666658495249283
0.10608267175328998 0.4617591704397137
0.09190361023294033 0.4572979763485432
0.07773708201385565 0.45328109586244003
0.06358309246034348 0.44970735801590433
0.04944164566015023 0.44657559195021523
0.03531274685175075 0.44388462753739377
0.02119640191652339 0.441633295130067
0.00709261503484567 0.43982042519845543
-0.006998608466692868 0.4384448488287922
-0.021077264022352587 0.43750539744970784
-0.03514334579880485 0.43700090299252636
-0.049196850132290734 0.4369301977328641
-0.0632377714865203 0.43729211445986094
-0.07726610405978551 0.43808548630476385
-0.09128184436236308 0.43930914696630374
-0.1052849855273208 0.44096193030845776
-0.11927552496214726 0.44304267109869433
-0.13325345533312513 0.4455502039094992
-0.14721877407743408 0.448483364536582
-0.16117147388448644 0.4518409882945795
-0.1751115517175365 0.45562191187687384
-0.18903900181336403 0.4598249717908067
-0.20295381880739724 0.46444900502873576
-0.2168559983857484 0.4694928493769097
-0.23074553545947268 0.4749553428311346
-0.24462242525246686 0.48083532395757245
-0.2584866622681951 0.4871316314567564
-0.27233824261493866 0.4938431052174719
-0.2861771603253153 0.5009685846109091
-0.30000341158730776 0.5085069105480748
-0.31381699103397426 0.5164569236163399
-0.32761789250876105 0.5248174643204344
-0.3414061134390053 0.533587375812437
-0.35518164662606233 0.5427654988408317
-0.36894448955968684 0.5523506776808089
-0.38269463498378753 0.562341753845736
-0.39643207969058 0.5727375721605426
-0.41015681772325063 0.5835369759220643
-0.4238688454016093 0.5947388106678797
-0.4375681566654747 0.6063419205058671
-0.451254747090882 0.6183451513406424
-0.46492861200259605 0.6307473493802807
-0.4785897465469861 0.6435473611692974
-0.4922381457060602 0.6567440335770502
-0.5058738041612121 0.6703362136366757
-0.519496718114129 0.6843227503983118
-0.533106881774607 0.6987024913942279
-0.5467042912478556 0.7134742866239832
-0.5602889405889755 0.7286369843756968
-0.5738608256436084 0.7441894353804113
-0.5874199410573189 0.7601304895194518
-0.6009662834123638 0.7764589994749873
-0.6144998458698921 0.7931738143221212
-0.628020624768458 0.8102737874658938
-0.6415286156781508 0.8277577719479183
-0.6550238121894902 0.8456246187123955
-0.6685062123418788 0.8638731851108035
-0.6819758078479055 0.8825023204980891
-0.6954325963486138 0.9015108827921607
-0.7088765723652706 0.9208977261684861
-0.7223077304708652 0.9406617053150563
-0.7357260671317405 0.9608016782327824
-0.7491315769136139 0.9813165006534317
-0.7625242545567616 1.0022050290287696
-0.775904095652625 1.0234661216427718
-0.7892710962902116 1.0450986381603755
-0.8026252498276636 1.0671014343350103
-0.8159665537699017 1.0894733732440613
-0.8292950010855342 1.1122133109552248
-0.8426105882738052 1.1353201099817034
-0.8559133109602265 1.158792631963233
-0.8692031633750016 1.1826297365967116
-0.8824801418195557 1.2068302878034656
-0.8957442400709081 1.2313931454548257
-0.9089954552840978 1.2563171761941052
-0.9222337802516897 1.2816012390324456
-0.9354592134739526 1.30724420438853
-0.9486717479196132 1.3332449326367546
-0.9618713789469369 1.3596022892391622
-0.9750581028769445 1.3863151421818127
-0.9882319134469427 1.4133823547772297
-1.0013928079819083 1.4408027982397957
-1.014540779736529 1.468575335918116
-1.0276758257128735 1.4966988395609393
-1.0407979404297134 1.5251721762484958
-1.0539071192006744 1.553994215291148
-1.067003357573951 1.5831638270890238
-1.0800866500998074 1.6126798803687832
-1.0931569928068416 1.6425412477348722

-1.6452308420248838 0.80208834466165
-1.6322379103492133 0.7538037782388003
-1.6192301201960617 0.7058377307866954
-1.6062074759746436 0.6581914938092737
-1.5931699786649665 0.6108663473619378
-1.5801176313783492 0.5638635804884737
-1.5670504366552094 0.5171844812990658
-1.553968397526726 0.4708303407982979
-1.5408715156383646 0.42480244624574715
-1.5277597945850812 0.3791020929321476
-1.514633236568761 0.3337305723911348
-1.5014918440276308 0.2886891781614036
-1.4883356195508335 0.2439792054625738
-1.4751645658971424 0.19960195123521585
-1.4619786855270376 0.15555871255916398
-1.4487779812591217 0.11185078885996247
-1.4355624560212297 0.06847948104258883
-1.422332112004637 0.025446088735895822
-1.4090869514455278 -0.0172480870930376
-1.3958269776213381 -0.059601740978367124
-1.382552193198586 -0.10161356831344581
-1.3692626008957414 -0.1432822631935422
-1.3559582019800447 -0.18460652307122016
-1.3426390012701754 -0.22558503322584578
-1.329304999592668 -0.26621649016285587
-1.315956200470899 -0.3064995809397193
-1.302592606721543 -0.34643299368461755
-1.2892142208860673 -0.3860154162228753
-1.2758210452203653 -0.42524553606736615
-1.2624130826300821 -0.464122037678917
-1.24899033586981 -0.5026436048497027
-1.2355528073275166 -0.5408089212908413
-1.2221005005989498 -0.5786166661773313
-1.2086334175758529 -0.6160655223821754
-1.1951515603992051 -0.6531541708795146
-1.1816549330112351 -0.6898812865821828
-1.1681435374368714 -0.7262455485637278
-1.1546173764374739 -0.7622456327499594
-1.1410764527399864 -0.7978802140467887
-1.127520769592064 -0.8331479649000106
-1.1139503282027041 -0.8680475619178902
-1.1003651336466584 -0.9025776706474218
-1.0867651863182164 -0.9367369674927002
-1.073150490436523 -0.9705241180333395
-1.0595210480855388 -1.0039377921221169
-1.045876862193189 -1.036976656395606
-1.0322179352547172 -1.069639377435754
-1.0185442702640866 -1.1019246195204022
-1.0048558698757286 -1.1338310466406982
-0.9911527367963584 -1.1653573215551796
-0.9774348749897332 -1.196502103081538
-0.9637022848988708 -1.2272640569182294
-0.9499549716099661 -1.257641837195212
-0.9361929356069054 -1.287634107188325
-0.9224161819657684 -1.3172395190022455
-0.9086247110311504 -1.3464567338801845
-0.8948185279253229 -1.3752844017738193
-0.8809976345554568 -1.4037211783958405
-0.8671620321735815 -1.4317657195805547
-0.8533117266851065 -1.459416670667484
-0.8394467185043397 -1.4866726870010036
-0.8255670110561941 -1.5135324167686988
-0.8116726070279942 -1.5399945085443418
-0.79776350998836 -1.566057608167093
-0.7838397215646705 -1.5917203640366389
-0.7699012450017784 -1.6169814204208235
-0.7559480833479992 -1.6418394209091138

0.8523334560207271 -1.6277409615538363
0.8678838542635411 -1.5997472090484934
0.8834485997095398 -1.5711935079613704
0.8990276894002602 -1.5420783902252078
0.9146211200655212 -1.512400387419044
0.9302288870173081 -1.4821580329851036
0.945850989622182 -1.4513498515877399
0.9614874225479235 -1.4199743761308241
0.9771381840646247 -1.3880301314825998
0.99280326923242 -1.3555156481122825
1.0084826751269442 -1.3224294515286936
1.0241764001944025 -1.2887700633273784
1.0398844385538613 -1.2545360134703754
1.0556067883311502 -1.219725822440722
1.0713434459776625 -1.1843380134231578
1.0870944096085289 -1.1483711049149454
1.1028596727959514 -1.1118236249341122
1.1186392346506402 -1.0746940879133606
1.134433090710183 -1.0369810156532062
1.150241238660866 -0.9986829239832395
1.1660636748200934 -0.9597983310946689
1.181900395604346 -0.9203257540956202
1.1977513978578966 -0.8802637081584275
1.213616676887027 -0.839610711517407
1.2294962319403984 -0.7983652714085148
1.2453900572431402 -0.7565259071391408
1.2612981516860131 -0.71409112495378
1.2772205095559779 -0.6710594424309511
1.293157128820733 -0.6274293664661965
1.3091080072686632 -0.58319940339786
1.3250731389118395 -0.5383680692032695
1.3410525226132584 -0.4929338654829525
1.357046152756271 -0.4468953056301541
1.373054028721946 -0.4002508878390696
1.3890761442376887 -0.3529991258244687
1.4051124982808887 -0.3051385170867593
1.4211630866170908 -0.256667567688347
1.4372279056920394 -0.20758478086257948
1.453306951136589 -0.15788866154191838
1.4694002220014588 -0.10757770318976534
1.4855077134237304 -0.05665041051115205
1.5016294209735441 -0.005105286173962442
1.5177653435115457 0.04705917855503072
1.533915475339258 0.09984447859910417
1.5500798147971584 0.1532521228203363
1.5662583572182673 0.2072836110796854
1.5824511003814865 0.2619404522040585
1.5986580396524046 0.31722414775980856
1.6148791722189313 0.3731362062958561
1.6311144952176309 0.42967813710957303
1.647364003494347 0.48685144231742683

1.6488028933215335 1.5782022471982313
1.6426703693720457 1.5583164126380233
1.6365758052859292 1.5386504654334274
1.6305192258098544 1.5192029673200533
1.6245006546496892 1.4999724849142422
1.618520117248538 1.4809575986262744
1.61257763745132 1.4621568920180898
1.606673239808718 1.443568959184192
1.6008069490773367 1.4251924031550924
1.5949787895274725 1.4070258337495942
1.5891887858530855 1.3890678704483839
1.5834369618705821 1.3713171383762068
1.5777233431771325 1.3537722765325033
1.5720479528949105 1.336431924705007
1.5664108166987156 1.3192947389258172
1.5608119583285578 1.302359377757659
1.5552514028458808 1.285624512237173
1.5497291744445651 1.269088819257023
1.5442452976391678 1.2527509851834906
1.538799797006014 1.2366097050874112
1.5333926972361853 1.2206636829161361
1.5280240221915513 1.204911628743138
1.5226937972568941 1.1893522656993225
1.5174020465875941 1.1739843219073784
1.512148794443035 1.1588065344370184
1.506934065554934 1.1438176503739133
1.501757884938789 1.1290164262676625
1.4966202762606866 1.1144016234979177
1.491521264937825 1.0999720171462744
1.4864608748930208 1.0857263867753026
1.4814391309899042 1.0716635233612397
1.47645605754383 1.0577822251084572
1.4715116795958805 1.0440813010316181
1.4666060209348146 1.0305595654857385
1.4617391065805294 1.0172158450696243
1.4569109614224338 1.0040489748534749
1.452121609490744 0.9910577964382057
1.447371075595639 0.9782411624495073
1.4426593844302258 0.9655979341015168
1.4379865604034452 0.9531269807817049
1.4333526279926339 0.9408271810258602
1.4287576121051293 0.9286974234861407
1.4242015369901027 0.9167366040721832
1.419684427575394 0.9049436295004318
1.4152063084814486 0.8933174147131719
1.4107672039858536 0.8818568828307201
1.4063671390281263 0.8705609677696908
1.4020061378590585 0.8594286107781874
1.3976842253609822 0.8484587638485022
1.3934014260381316 0.8376503871518757
1.3891577648957676 0.8270024512866789
1.3849532661044872 0.8165139339409815
1.3807879544100263 0.8061838234606769
1.376661854624468 0.7960111175782494
1.3725749908930334 0.7859948216376278
1.3685273885485787 0.7761339531686902
1.3645190718881648 0.7664275364538216
1.3605500655453666 0.7568746059181275
1.3566203941893185 0.7474742054084551
1.352730082515484 0.7382253881903384
1.3488791551374406 0.7291272167126284
1.3450676367078507 0.7201787629181513
1.341295551962182 0.7113791083639751
1.3375629255387504 0.7027273438209554
1.3338697823782935 0.6942225702196914
1.3302161466147142 0.6858638961199155
1.3266020433522823 0.6776504418185212
1.3230274971680938 0.6695813359284184
1.3194925327041156 0.6616557167631281
1.3159971746552888 0.6538727323270952
1.3125414476108275 0.6462315399835885
1.3091253766906328 0.6387313078769417
1.3057489862908571 0.6313712121879613
1.302412301165754 0.6241504395451676
1.299115345983033 0.6170681860666642
1.2958581454778528 0.6101236577158804
1.2926407242487097 0.6033160698877176
1.2894631073907168 0.5966446487658867
1.286325319242491 0.5901086287039323
1.2832273846700708 0.5837072549520181
1.2801693285552023 0.5774397825904038
1.277151175451714 0.5713054758542766
1.2741729500661223 0.5653036091481114
1.2712346772924943 0.5594334671239285
1.2683363818227404 0.5536943439184432
1.2654780885041892 0.5480855438913164
1.262659821851826 0.5426063806892716
1.2598816067469154 0.5372561786375178
1.257143468085021 0.5320342720600595
1.2544454304633654 0.5269400047127346
1.2517875186139908 0.5219727306391528
1.2491697575640408 0.5171318144748227
1.2465921717576331 0.5124166298422466
1.2440547861923488 0.5078265614760908
1.2415576255939795 0.5033610037216891
1.2391007148443627 0.4990193613368117
1.236684078553477 0.49480104875490327
1.2343077416652926 0.49070549117456386
1.2319717289245302 0.4867321236437614
1.2296760650351044 0.48288039136860217
1.2274207750421073 0.4791497503681197
1.2252058834277846 0.4755396659930229
1.2230314153649917 0.4720496150134519
1.2208973953808193 0.46867908346082077
1.2188038484721002 0.46542756845134825
1.216750799305512 0.46229457693660936
1.21473827284973 0.4592796267094046
1.2127662938841193 0.456382245668878
1.2108348871999046 0.4536019721569331
1.2089440776909204 0.4509383551058994
1.207093890152212 0.44839095377103866
1.2052843495166126 0.4459593380830975
1.2035154804886632 0.4436430881746345
1.2017873080443924 0.4414417950705398
1.2000998569187438 0.4393550600374725
1.1984531521765545 0.4373824953250047
1.1968472183975631 0.4355237231961726
1.1952820805998525 0.43377837706107436
1.1937577637371526 0.43214610087939853
1.192274292544535 0.43062654904128506
1.190831691973037 0.4292193868560772
1.1894299868075695 0.4279242901792013
1.18806920205208 0.4267409458037139
1.1867493625168168 0.4256690510990979
1.1854704931129894 0.42470831430326994
1.1842326187029755 0.42385845441746306
1.1830357642130704 0.4231192013119094
1.1818799545362157 0.42249029567756224
1.180765214564165 0.4219714890756896
1.1796915693055559 0.42156254400246085
1.1786590434875193 0.42126323376233543
1.1776676621545645 0.42107334271203856
1.1767174501909836 0.420992666110394
1.1758084325048466 0.4210210102109131
1.1749406340205346 0.4211581922758667
1.174114079679453 0.4214040405908377
1.1733287944017357 0.42175839449697006
1.1725848031560886 0.4222211043837256
1.171882130854253 0.42279203176501734
1.1712208023807946 0.4234710493281033
1.1706008428089119 0.42425804070004136
1.1700222769902102 0.42515290091443103
1.169485129896463 0.4261555360674065
1.1689894264918903 0.4272658634670605
1.1685351917425546 0.42848381164383587
1.1681224505889525 0.4298093204670832
1.1677512280073885 0.4312423410020998
1.1674215489935 0.4327828355071732
1.1671334384703966 0.43443077792615425
1.1668869214594801 0.4361861530573603
1.1666820229015018 0.4380489576079294
1.1665187678145306 0.440019199079017
1.1663971811655425 0.442096896877209
1.1663172879461379 0.4442820816969082
1.1662791131538401 0.4465747956267667
1.16628268178591 0.44897509216477105
1.1663280188415597 0.4514830365284912
1.1664151493244321 0.4540987053179977
1.1665440982438846 0.456822186769962
1.1667148906090583 0.4596535806050104
1.1669275514282467 0.4625929981154355
1.1671821057457965 0.4656405626149307
1.1674785785316792 0.4687964081360194
1.1678169948652517 0.47206068157216285
1.168197379756648 0.4754335406948591
1.1686197581993016 0.47891515489090364
1.1690841553022455 0.48250570619867417
1.1695905960194608 0.48620538715610984
1.1701391054590848 0.49001440323457235
1.1707297086226318 0.4939329709069129
1.1713624306083485 0.49796131910737484
1.1720372964104775 0.5020996879274722
1.1727543311189674 0.5063483299219427
1.1735135597825708 0.5107075092638689
1.1743150074740782 0.5151775021687413
1.1751586992561234 0.5197585967182006
1.1760446601907035 0.5244510929432578
1.1769729153693647 0.5292553030040044
1.1779434898120265 0.5341715506911551
1.178956408646715 0.5392001723711668
1.1800116969446917 0.5443415161625478
1.1811093798023151 0.549595942376204
1.1822494823597451 0.5549638236172627
1.1834320295498706 0.5604455436397195
1.1846570466777506 0.5660415000693171
1.1859245586447886 0.5717521008356412
1.1872345906562765 0.5775777674462297
1.18858716786549 0.5835189333690702
1.189982315279051 0.5895760436650059
1.1914200580471133 0.5957495562867641
1.192900421312586 0.6020399414316409
1.194423430244179 0.6084476817067093
1.1959891097233588 0.614973270849972
1.197597485191526 0.6216172172918395
1.1992485816456497 0.6283800399823332
1.2009424242134863 0.6352622708207014
1.2026790379267158 0.6422644537459639
1.2044584481628284 0.6493871465372667
1.2062806797881942 0.6566309173948435
1.2081457582599058 0.6639963493701599
1.2100537084385403 0.6714840356700695
1.212004555683944 0.6790945840153206
1.2139983250695883 0.6868286135682384
1.2160350416906596 0.6946867561740016
1.2181147308139018 0.7026696569555138
1.2202374175689235 0.7107779731449235
1.2224031271346985 0.7190123748281487
1.224611884706591 0.7273735448401046
1.2268637154321413 0.7358621785461161
1.2291586445213665 0.7444789842831019
1.2314966971268393 0.7532246829314564
1.2338778984885455 0.7621000084821854
1.2363022735541063 0.7711057066470666
1.238769847915103 0.7802425383617415
1.2412806464840325 0.7895112748962914
1.2438346945769057 0.7989127018963769
1.2464320172568792 0.8084476169797987
1.2490726399689955 0.8181168320942682
1.2517565878149872 0.8279211708785794
1.2544838858956964 0.8378614699484981
1.2572545595366855 0.8479385797401999
1.2600686340835703 0.8581533637839731
1.2629261345084946 0.8685066973038189
1.2658270860540655 0.8789994695807064
1.2687715143089173 0.8896325842409345
1.2717594440120654 0.9004069549632585
1.274790900812417 0.9113235118566942
1.2778659096280087 0.9223831955656381
1.280984495930476 0.9335869619221169
1.284146684978845 0.9449357792107183
1.2873525019495058 0.9564306286629753
1.2906019718742354 0.9680725042609573
1.2938951203314624 0.9798624152371538
1.2972319725276031 0.9918013828065355
1.300612553506572 1.0038904409443097
1.3040368890215508 1.0161306395268501
1.3075050036397196 1.02852303758034
1.311016923268426 1.0410687123346967
1.3145726728604732 1.0537687510472349
1.3181722777113196 1.066624255662589
1.3218157632499266 1.0796363420895014
1.3255031544985367 1.0928061382960923
1.3292344771284235 1.1061347881050687
1.3330097560810272 1.1196234462933803
1.3368290169642472 1.133273283604587
1.3406922848081797 1.1470854823278591
1.3445995850378898 1.1610612397987516
1.348550943123855 1.1752017671756891
1.3525463839033829 1.1895082870348332
1.3565859333182655 1.2039820396156173
1.360669616084813 1.2186242745016123
1.3647974577829263 1.2334362581282847
1.3689694837840358 1.2484192699679602
1.373185719729985 1.263574604273788
1.377446190254538 1.2789035655071301
1.3817509210908008 1.2944074759381103
1.3860999375547027 1.3100876702199091
1.3904932649484751 1.3259454968628832
1.3949309286651361 1.341982318636819
1.3994129536502624 1.3581995106490319
1.4039393659958974 1.374598466137075
1.4085101904791295 1.3911805875855205
1.4131254527035462 1.4079472945035194
1.4177851779809458 1.4249000193991774
1.4224893917118018 1.4420402091841216
1.427238119418223 1.4593693253212248
1.4320313858877398 1.4768888407211422
1.4368692168854562 1.4946002460186225
1.441751638007515 1.5125050454188478
1.4466786744230358 1.5306047557688127
1.4516503513209909 1.5489009082145762
1.456666694313115 1.567395049713368
1.4617277285135237 1.5860887396701835
1.466833479942804 1.6049835551465916
1.471983973447586 1.6240810831967263
1.4771792343489236 1.6433829269799634

1.5238827782214468 1.6458941164665708
1.5214047605559222 1.6350760553988963
1.5189734443799956 1.6244279609557672
1.5165888078874388 1.6139490110798764
1.514250829142867 1.6036383979912223
1.5119594862427481 1.5934953288682574
1.5097147573248286 1.5835190258695762
1.5075166205139823 1.5737087258727578
1.505365054053484 1.5640636810403992
1.5032600357790438 1.554583156435669
1.501201544267786 1.5452664351681338
1.4991895572403346 1.5361128111676767
1.4972240530386187 1.527121595837622
1.4953050097659935 1.5182921141424819
1.49343240547396 1.509623705421212
1.4916062185269974 1.501115725061502
1.489826426753885 1.4927675405318208
1.4880930086001518 1.484578536735087
1.4864059419868947 1.4765481106398575
1.4847652052758842 1.468675675811538
1.4831707763391733 1.4609606579549559
1.4816226335212233 1.4534024995071104
1.4801207548500748 1.4460006558126746
1.4786651185877817 1.4387545977808736
1.4772557028884736 1.4316638101930157
1.4758924858067743 1.4247277916953642
1.4745754455944364 1.4179460562821595
1.4733045602876915 1.4113181311693377
1.472079808224752 1.4048435594523667
1.4709011673497194 1.3985218964355894
1.4697686160125916 1.3923527138429588
1.468682132194458 1.3863355956436179
1.4676416941972303 1.3804701417781153
1.466647280145573 1.374755965410003
1.465698868222849 1.369192694205438
1.4647964365863169 1.363779969831548
1.463939963343568 1.3585174477691813
1.4631294267898813 1.3534047987636395
1.4623648049462257 1.3484417059258278
1.461646076067583 1.343627867899166
1.460973218370135 1.3389629971600572
1.4603462099250386 1.334446819182963
1.45976502904555 1.3300790751685727
1.459229653771174 1.3258595182707853
1.4587400623641205 1.3217879172685647
1.4582962329767466 1.3178640540191706
1.4578981437839933 1.3140877244381088
1.457545772996011 1.3104587386649706
1.457239098796098 1.3069769204746153
1.456978099349838 1.3036421072408295
1.4567627528555176 1.300454150505594
1.456593037509848 1.2974129156370644
1.456468931492884 1.2945182814548115
1.4563904130080219 1.291770141004775
1.4563574602430267 1.2891684006712247
1.4563700513943867 1.2867129807505928
1.4564281646598014 1.284403815157758
1.456531778233133 1.2822408516271597
1.4566808703227707 1.280224051269244
1.456875419128918 1.2783533890702161
1.4571154028417355 1.2766288536435737
1.4574007996881986 1.2750504469389194
1.4577315878362196 1.2736181848234498
1.4581077455453584 1.2723320962908327
1.4585292509622565 1.271192224292352
1.4589960823692616 1.2701986248752104
1.4595082179065622 1.2693513679180812
1.460065635840983 1.2686505364996616
1.4606683143403336 1.2680962272902554
1.4613162316745885 1.2676885502672217
1.4620093660023674 1.267427628886188
1.4627476955825596 1.2673135999136318
1.463531198621612 1.2673466134918008
1.4643598533108786 1.2675268330744824
1.4652336379454045 1.2678544354488404
1.4661525306776106 1.2683296106435864
1.4671165097959131 1.2689525620060373
1.468125553429515 1.2697235060228267
1.4691796399628774 1.2706426725913924
1.4702787475273924 1.2717103046102918
1.4714228542882113 1.2729266581508867
1.4726119386111036 1.274292002654334
1.4738459786692386 1.2758066204924288
1.4751249526765535 1.2774708071815457
1.4764488389339459 1.2792848714421723
1.477817615657243 1.2812491349529576
1.4792312610239189 1.2833639323724713
1.48068975333958 1.285629611570724
1.4821930708273556 1.2880465332990245
1.4837411917543242 1.2906150713585172
1.4853340943428754 1.293335612435944
1.4869717567365557 1.2962085560105834
1.4886541574263754 1.2992343150918493
1.4903812744736378 1.3024133148248929
1.4921530862773311 1.3057459938381157
1.493969570922351 1.3092328030253464
1.4958307067653709 1.312874206621757
1.497736472035951 1.3166706814306064
1.4996868449401572 1.3206227169906168
1.5016818038744604 1.3247308159948656
1.5037213270295295 1.3289954934649688
1.5058053926037194 1.3334172771531794
1.50793397890269 1.337996707738541
1.510107064227376 1.3427343385753634
1.5123246268142077 1.3476307355379449
1.5145866449636558 1.352686477279239
1.516893096924225 1.357902154954174
1.5192439609800428 1.3632783723928723
1.5216392153925977 1.368815745948393
1.524078838250583 1.374514904120026
1.5265628082274927 1.3803764893083406
1.529091103295955 1.3864011547835067
1.5316637018140338 1.3925895672087263
1.5342805820954042 1.3989424056145072
1.5369417224071156 1.4054603613667278
1.5396471009450128 1.4121441380793596
1.5423966961701705 1.4189944524275644
1.5451904862980004 1.4260120328652421
1.5480284494684748 1.4331976200113785
1.5509105641001772 1.4405519675285987
1.553836808525637 1.4480758411881922
1.5568071609731935 1.4557700187932165
1.5598215997645148 1.4636352906646706
1.5628801032059458 1.4716724593426251
1.565982649559438 1.4798823394864398
1.5691292169234314 1.4882657575311842
1.5723197840567298 1.496823553869166
1.5755543287565477 1.5055565784940126
1.5788328298588183 1.5144656963480094
1.5821552651622914 1.5235517816965776
1.5855216134491532 1.5328157235955389
1.5889318525308291 1.5422584205266001
1.5923859611529845 1.5518807856170094
1.5958839173931498 1.5616837421930705
1.5994256995127925 1.5716682261124517
1.603011285924648 1.5818351856656743
1.6066406549499401 1.59218558087318
1.610313784900476 1.602720383692966
1.6140306541210867 1.6134405781216414
1.6177912408941486 1.6243471598984667
1.6215955233955692 1.6354411363507464
1.6254434801388582 1.6467235276700767

1.627389507372683 0.3543481025958073
1.5999855881372116 0.25938531370985407
1.5726159526940608 0.1661937497813084
1.545280622601754 0.07476729129337878
1.5179796260776657 -0.014900157021089377
1.4907129831901766 -0.10281471546387388
1.4634807204826683 -0.18898248106993432
1.4362828600413469 -0.27340956314115616
1.4091194270272944 -0.3561020591877009
1.3819904466804227 -0.43706606468264897
1.3548959407510657 -0.5163076833962015
1.3278359357864242 -0.5938330028426264
1.3008104549702952 -0.6696481183418754
1.2738195232033855 -0.7437591182004559
1.246863162754383 -0.8161720957573169
1.219941399782749 -0.8868931316425781
1.19305425524226 -0.9559283180001856
1.1662017589791507 -1.0232837219812687
1.1393839291292733 -1.0889654382081542
1.1126007938188351 -1.1529795340679854
1.0858523757032728 -1.215332088229988
1.0591386991288099 -1.2760291729517177
1.0324597893336485 -1.335076856303529
1.0058156674222016 -1.392481213092286
0.9792063626905597 -1.4482482981595393
0.9526318940831462 -1.502384185997465
0.9260922889908748 -1.5548949310538824
0.8995875708437014 -1.605786593646894

-0.7954844108536545 -1.642292551822616
-0.8195598198389902 -1.5971532524554541
-0.8435986622268987 -1.550806176547047
-0.8676009127926803 -1.503257173856377
-0.8915665490240196 -1.4545120850488198
-0.9154955445015686 -1.4045767549478552
-0.9393878755658558 -1.353457019106864
-0.9632435188796981 -1.3011587084692897
-0.9870624479412353 -1.2476876571843596
-1.0108446387599284 -1.1930496902296752
-1.0345900677500306 -1.1372506277369718
-1.058298708615592 -1.080296292431333
-1.0819705382812184 -1.0221924956078712
-1.10560553293914 -0.9629450462825071
-1.1292036663162617 -0.9025597558436123
-1.1527649149044992 -0.8410424248816422
-1.1762892538735423 -0.7783988534400168
-1.1997766589975194 -0.7146348360583281
-1.223227104733545 -0.6497561669613905
-1.2466405690211018 -0.5837686267295061
-1.270017024208062 -0.5166780076556263
-1.2933564471039527 -0.44849008553760683
-1.3166588133080501 -0.3792106355168461
-1.3399240984236815 -0.3088454286663931
-1.3631522775560028 -0.23740023352762263
-1.3863433265197627 -0.16488081241020747
-1.409497220662331 -0.09129292496115404
-1.4326139351736626 -0.01664232725543835
-1.455693445594816 0.05906522986509133
-1.4787357256100475 0.1358239934901626
-1.5017407541419063 0.2136282323656924
-1.5247085048760889 0.2924722020188688
-1.5476389526531853 0.37235016587698855
-1.5705320722585157 0.4532563912735521
-1.5933878414555966 0.535185160405288
-1.6162062353525946 0.6181307504831848
-1.6389872264364214 0.7020874332093421

-1.045570563284015 1.604807390996089
-1.0170851744159792 1.5430257192894241
-0.988535598385542 1.4828900176358544
-0.959921809701451 1.4244123265440853
-0.9312437776933995 1.3676047100534499
-0.9025014767870625 1.3124792767848996
-0.8736948792543364 1.2590481651568122
-0.8448239546034797 1.2073235430296272
-0.8158886773844539 1.1573176218634402
-0.7868890170796943 1.1090426386509025
-0.7578249481032925 1.0625108732583177
-0.7286964414142687 1.0177346342695324
-0.699503468901764 0.9747262664482905
-0.6702460013439031 0.9334981476702358
-0.6409240133967709 0.8940626958693421
-0.6115374766409095 0.8564323591495999
-0.5820863610247325 0.8206196185228867
-0.5525706397081595 0.7866369938975264
-0.5229902857436579 0.7544970395807087
-0.49334527011018964 0.7242123424070148
-0.46363556468973943 0.6957955252023713
-0.4338611415041142 0.6692592458751951
-0.4040219721973437 0.6446161970001376
-0.37411803058206683 0.6218791078344308
-0.34414928590713156 0.6010607391899729
-0.31411571110539016 0.5821738898890239
-0.2840172800484601 0.5652313941371934
-0.25385396152955986 0.5502461184611809
-0.2236257318563036 0.537230968434341
-0.19333255727537932 0.5261988804078093
-0.16297441544361896 0.5171628305704732
-0.13255127424752175 0.5101358270041003
-0.10206310814284174 0.5051309151186723
-0.07150988657499488 0.5021611747591719
-0.040891584177502605 0.5012397218893665
-0.010208171570570784 0.5023797075408336
0.02054038184495492 0.5055943188167031
0.051354097793487874 0.5108967772677282
0.08223301075075704 0.5183003418474512
0.11317714251690111 0.5278183045880032
0.14418652843969815 0.5394639970776998
0.17526119070026586 0.5532507823480044
0.20640116080422305 0.5691920627081604
0.23760646421962628 0.5873012735284857
0.2688771306479813 0.6075918882311941
0.30021318791545015 0.6300774151890483
0.3316146641328829 0.6547713988950292
0.3630815873933154 0.6816874198314735
0.3946139845280287 0.7108390933113153
0.42621188631536044 0.7422400744380344
0.45787531797639136 0.7759040490806115
0.48960430921003073 0.811844743699649
0.5213988892173698 0.85007592078942
0.5532590835516664 0.8906113746288229
0.585184921774485 0.9334649405905293
0.6171764301788237 0.9786504860515199
0.6492336400939536 1.0261819218917654
0.6813565778498536 1.0760731883671801
0.7135452719809265 1.128338265340227
0.7457997491320589 1.1829911660164654
0.7781200383552123 1.2400459440527976
0.8105061698127807 1.299516692024425
0.842958167145093 1.3614175270319029
0.8754760625155626 1.425762618724979
0.908059882910454 1.492566163806444
0.9407096550758147 1.5618423948757716
0.9734254081673892 1.6336055862898355

