1.275717324080202 1.6317311587424066
1.2511216057326222 1.557070522247277
1.2266589936128163 1.4841652499257334
1.202329146826385 1.4129921339041074
1.1781317221811838 1.343528156108929
1.15406637745183 1.2757504969626545
1.130132773988349 1.20963654122247
1.1063305685893918 1.1451638541965137
1.082659422284084 1.0823102050225315
1.0591189952794726 1.0210535515051715
1.0357089489743003 0.961372044399861
1.0124289457848987 0.9032440256574668
0.9892786466704655 0.8466480211667846
0.9662577148204281 0.7915627488578327
0.9433658138640455 0.737967112979244
0.9206026058178833 0.6858401983440117
0.8979677568285904 0.635161282461171
0.8754609299597756 0.5859098178975268
0.8530817914943627 0.5380654453899711
0.8308300079566496 0.49160798591424015
0.808705244966097 0.4465174373452174
0.7867071685785976 0.40277397634521184
0.7648354488436867 0.36035796409896825
0.7430897512072784 0.3192499283318737
0.7214697457268512 0.2794305802234498
0.6999751000810244 0.2408807999655731
0.6786054852151876 0.20358164610459983
0.6573605704450136 0.16751434561697498
0.6362400265789003 0.13266029843476868
0.6152435245358919 0.09900107397053048
0.5943707362299196 0.06651841151245064
0.5736213351448642 0.03519421991650051
0.5529949900556346 0.005010567274389421
0.5324913785617088 -0.024050300054696327
0.5121101717100718 -0.05200598112684052
0.49185104623383624 -0.07887390387878135
0.47171367390725105 -0.10467134072407158
0.45169773297120575 -0.12941539447618422
0.4318028972121435 -0.1531230134690016
0.4120288436500127 -0.17581098281420593
0.3923752498685677 -0.19749592889955703
0.37284179254699773 -0.21819432192626353
0.3534281497639288 -0.23792247430837343
0.3341339998481119 -0.25669654295428046
0.3149590217954076 -0.27453252982187515
0.2959028951634187 -0.29144628302910436
0.27696529986242613 -0.30745349801824673
0.2581459171011728 -0.32256971775958876
0.23944442717228176 -0.3368103355282891
0.22086051113944757 -0.350190594395669
0.20239385225717 -0.36272558731380455
0.18404413252403867 -0.37443026054700246
0.16581103559590046 -0.38531941258477787
0.147694243770633 -0.3954076969430167
0.129693441924974 -0.4047096207795692
0.11180831431459648 -0.4132395477127443
0.09403854718469015 -0.4210116974434074
0.07638382541838833 -0.4280401482473791
0.05884383445027582 -0.4343388368875397
0.04141826267798354 -0.43992155882245443
0.02410679562852458 -0.44480197113158115
0.006909122225269293 -0.44899359137531025
-0.010175070821225226 -0.45250980010509945
-0.027146093335857678 -0.4553638404088829
-0.044004256748730874 -0.4575688199374506
-0.060749872070871014 -0.45913771125657954
-0.07738324801113472 -0.46008335265474254
-0.09390469422199121 -0.46041844936928744
-0.11031451888851944 -0.46015557428981535
-0.12661303090523898 -0.45930716886144163
-0.14280053952982227 -0.4578855437812124
-0.1588773493815232 -0.45590288042519833
-0.17484376840416113 -0.4533712310452028
-0.19070010240156793 -0.450302520112973
-0.20644665884084498 -0.44670854453370734
-0.22208374063608466 -0.44260097586989544
-0.2376116536943059 -0.43799135951987433
-0.25303070314697695 -0.4328911162804211
-0.2683411918779699 -0.4273115438017151
-0.28354342320021875 -0.4212638166115761
-0.2986376987789822 -0.41475898772580744
-0.3136243232850311 -0.40780798743457514
-0.3285035961466065 -0.4004216277875514
-0.3432758198062095 -0.392610599690113
-0.3579412956207843 -0.38438547552163216
-0.37250032324225935 -0.37575671042537373
-0.38695320205273076 -0.3667346423941721
-0.401300231895132 -0.3573294925519017
-0.41554171148819874 -0.34755136692217103
-0.4296779393470455 -0.3374102566525814
-0.4437092131351794 -0.32691603926178847
-0.45763583018162823 -0.3160784790768407
-0.4714580870090505 -0.30490722838671136
-0.4851762803175774 -0.2934118274351376
-0.4987907060680493 -0.28160170591170786
-0.5123016595888379 -0.2694861836691733
-0.5257094357995684 -0.25707447130766004
-0.5390143290713627 -0.24437567106832803
-0.5522166329931152 -0.23139877784109597
-0.5653166422411886 -0.2181526780514217
-0.5783146480839778 -0.2046461549326668
-0.5912109436385427 -0.19088788400657086
-0.6040058210676562 -0.17688643661652714
-0.6166995718343637 -0.16265028045113872
-0.6292924869590485 -0.14818778001847144
-0.6417848568827245 -0.13350719754286122
-0.6541769718082202 -0.11861669329934033
-0.6664691211301481 -0.10352432702141301
-0.6786615930420397 -0.08823805917006733
-0.6907546780338769 -0.07276574723102269
-0.7027486621958461 -0.05711515490510577
-0.7146438353382586 -0.04129394242046225
-0.7264404829032364 -0.02530967778080495
-0.7381388922565295 -0.009169829201355117
-0.7497393489539069 0.007118229192418779
-0.7612421396616724 0.023547220705564698
-0.7726475487984186 0.0401099606473041
-0.7839558619450226 0.056799360496326834
-0.7951673621769562 0.07360842185901184
-0.8062823344190388 0.09053024222391759
-0.8173010612842898 0.10755800806573212
-0.8282238264415824 0.12468499927124865
-0.8390509117533451 0.14190458404831485
-0.8497825992296864 0.15921022127390683
-0.8604191695289298 0.1765954574235531
-0.8709609050714555 0.19405393099796853
-0.8814080852644764 0.21157936403580768
-0.8917609905674514 0.2291655681292668
-0.9020198999719017 0.2468064395664813
-0.9121850933921116 0.26449596275756293
-0.9222568490670288 0.28222820512458147
-0.9322354447846419 0.2999973185226721
-0.9421211584823119 0.31779753968428315
-0.9519142674966315 0.3356231882655294
-0.9616150483566688 0.3534686658116657
-0.9712237774875403 0.3713284564034245
-0.9807407305813198 0.38919712487231695
-0.9901661826704022 0.40706931628648135
-0.999500408891871 0.42493975677800333
-1.008743684027708 0.4428032520797527
-1.017896281063847 0.46065468409201804
-1.0269584746160452 0.47848901692136936
-1.0359305365260785 0.49630128766952275
-1.0448127402016383 0.514086614352002
-1.0536053570585118 0.5318401882504071
-1.062308659404031 0.5495572790749015
-1.0709229178038835 0.5672332290506903
-1.0794484034381944 0.5848634571085947
-1.0878853856870951 0.6024434533269822
-1.0962341351582525 0.6199687846154842
-1.1044949209083155 0.6374350883610771
-1.1126680117178898 0.6548380744847779
-1.120753675784684 0.6721735242140972
-1.128752181227449 0.6894372905872899
-1.136663795836812 0.7066252973620677
-1.144488785730654 0.7237335355026919
-1.1522274186376367 0.7407580697737843
-1.15987995952308 0.7576950286029731
-1.1674466751858197 0.7745406136292294
-1.1749278295649828 0.7912910887524127
-1.1823236880008703 0.807942789044199
-1.189634515109939 0.8244921154860354
-1.1968605741401832 0.8409355329296786
-1.2040021286304563 0.8572695733001525
-1.2110594416311482 0.8734908332980398
-1.2180327753071816 0.8895959729355887
-1.2249223921249786 0.9055817177342547
-1.2317285531908906 0.9214448543466047
-1.2384515200640023 0.9371822342284111
-1.2450915529898077 0.9527907689923931
-1.2516489125825458 0.9682674338169679
-1.2581238579214298 0.9836092624401447
-1.2645166492232567 0.9988133529565286
-1.2708275444601402 1.0138768592796237
-1.277056802499677 1.0287969980835014
-1.2832046812841584 1.0435710439616188
-1.289271438580406 1.0581963307070525
-1.2952573312358604 1.0726702490127176
-1.3011626156746707 1.0869902471538513
-1.306987548071553 1.1011538309102589
-1.3127323847586678 1.1151585640663106
-1.318397380202302 1.1290020629810664
-1.3239827897450307 1.1426820027772426
-1.329488867904248 1.156196112705313
-1.334915868301528 1.1695421754701782
-1.3402640446248602 1.1827180291076265
-1.3455336499254233 1.195721564775348
-1.3507249369069816 1.2085507269838733
-1.3558381577531835 1.2212035126924485
-1.3608735640339673 1.2336779706003558
-1.3658314073656923 1.2459722023100097
-1.370711938370599 1.2580843592787376
-1.3755154076214693 1.2700126446928142
-1.380242065098607 1.2817553116561968
-1.384892160397732 1.2933106632440614
-1.3894659426346827 1.3046770518064563
-1.3939636604770405 1.3158528785898405
-1.3983855620471446 1.3268365930419277
-1.4027318953088108 1.3376266933205692
-1.4070029078037336 1.3482217251885755
-1.4111988460376357 1.3586202800456193
-1.4153199571210489 1.3688209985515671
-1.4193664865412041 1.3788225646645826
-1.4233386805005515 1.3886237109899486
-1.427236783668419 1.3982232127867311
-1.4310610410875335 1.407619892240946
-1.4348116972960365 1.4168126158624186
-1.4384889957304552 1.4258002925994813
-1.4420931804812736 1.4345818777079535
-1.4456244940474716 1.4431563668408876
-1.449083179602909 1.4515228011488768
-1.4524694787808816 1.459680261482628
-1.455783633791481 1.4676278730996803
-1.45902588569051 1.475364801073391
-1.4621964755348327 1.4828902526592898
-1.4652956439222387 1.4902034757752332
-1.4683236305523588 1.4973037575689574
-1.4712806755236223 1.5041904270605704
-1.4741670176137278 1.510862850711471
-1.4769828958024345 1.5173204355812642
-1.4797285484673182 1.523562627051454
-1.482404213632506 1.52958890900425
-1.4850101286105326 1.5353988026266663
-1.487546530648842 1.5409918674719054
-1.4900136561818171 1.546367699406412
-1.4924117416938698 1.5515259321211161
-1.4947410228718625 1.5564662348946348
-1.4970017352230511 1.5611883135494429
-1.499194113646962 1.565691909160826
-1.5013183926470508 1.569976798135876
-1.503374806441592 1.5740427920528144
-1.5053635887298065 1.5778897368132316
-1.5072849728013136 1.581517512497189
-1.5091391914835233 1.5849260328982075
-1.510926477371741 1.5881152455742429
-1.5126470624273496 1.5910851307491747
-1.5143011782271336 1.5938357014224627
-1.515889056054974 1.5963670031457027
-1.5174109266818026 1.5986791132952503
-1.5188670204840864 1.6007721409192528
-1.5202575674377699 1.6026462263692216
-1.5215827970839346 1.6043015409014245
-1.522842938461965 1.605738286266846
-1.5240382204792333 1.6069566947745662
-1.5251688713504663 1.6079570283066964
-1.526235118889636 1.6087395783601082
-1.5272371907295816 1.6093046658160346
-1.5281753137983294 1.6096526402462037
-1.5290497148232445 1.609783879896483
-1.5298606201243692 1.609698791164524
-1.530608255392697 1.6093978083632834
-1.5312928461651547 1.608881393315063
-1.5319146173700608 1.608150035180417
-1.5324737937131703 1.607204249834612
-1.5329705993137026 1.6060445799804546
-1.5334052580200874 1.6046715943326118
-1.533777993193967 1.6030858877159524
-1.5340890278173458 1.6012880805091356
-1.5343385844381197 1.5992788186246596
-1.5345268852647584 1.5970587724198042
-1.534654152029976 1.594628637490442
-1.53472060608756 1.5919891337086631
-1.5347264683919508 1.5891410048445662
-1.5346719594914975 1.5860850186923408
-1.534557299527191 1.5828219661874399
-1.5343827082293193 1.579352661501575
-1.5341484049466636 1.57567794204778
-1.5338546085927527 1.5717986672418194
-1.5335015377332577 1.5677157195124964
-1.5330894104488562 1.5634300022737233
-1.5326184445214834 1.5589424417571989
-1.5320888572166484 1.5542539844474739
-1.531500865556513 1.5493655993560873
-1.5308546859762995 1.544278274716428
-1.5301505346534672 1.5389930204987743
-1.529388627314503 1.5335108665032462
-1.5285691792776779 1.5278328624562012
-1.5276924054933043 1.5219600780031044
-1.5267585205180612 1.5158936022326683
-1.5257677384353028 1.5096345429033944
-1.524720273008821 1.5031840271646386
-1.5236163376501064 1.4965432010270225
-1.522456145254626 1.489713228113406
-1.5212399083933625 1.4826952905583082
-1.5199678392176734 1.4754905881637095
-1.518640149518931 1.4681003384751472
-1.517257050650535 1.4605257760780588
-1.5158187536668808 1.4527681530985883
-1.5143254690987078 1.4448287377204099
-1.5127774071111755 1.436708814798529
-1.5111747775800688 1.4284096859827367
-1.509517789897564 1.419932668442034
-1.5078066531397327 1.4112790954823629
-1.50604157591098 1.4024503154997787
-1.5042227662602814 1.3934476913399245
-1.5023504323899515 1.3842726035448325
-1.5004247815681158 1.374926444723671
-1.49844602090766 1.3654106231634597
-1.4964143570111565 1.3557265608478555
-1.4943299964189447 1.34587569534931
-1.492193144800526 1.3358594757509032
-1.4900040077960384 1.3256793663977011
-1.4877627905095718 1.3153368442646225
-1.4854696978938096 1.3048334005036448
-1.4831249339764845 1.294170536666765
-1.4807287029960634 1.283349769671677
-1.4782812084715444 1.272372627320009
-1.4757826536356566 1.2612406500441926
-1.4732332413304376 1.2499553902052294
-1.4706331740681042 1.2385184121355177
-1.4679826537792144 1.2269312908105756
-1.4652818822816516 1.2151956136851312
-1.4625310607498798 1.203312978151649
-1.4597303902582797 1.191284993681415
-1.4568800714138064 1.1791132800083108
-1.4539803042034039 1.1667994662779657
-1.4510312883816954 1.154345192494333
-1.4480332234014146 1.1417521089980993
-1.4449863083431558 1.1290218759541615
-1.4418907419393983 1.1161561632411416
-1.4387467223422457 1.103156649282481
-1.4355544474241155 1.090025022095177
-1.4323141147438139 1.0767629789357636
-1.4290259215839394 1.0633722262422611
-1.4256900642859371 1.0498544767343465
-1.4223067398545317 1.0362114557228912
-1.418876143723004 1.0224448918628193
-1.4153984718500279 1.008556525425663
-1.4118739194214545 0.9945481028692653
-1.4083026813025643 0.9804213784659366
-1.4046849520317577 0.9661781140793759
-1.4010209257285433 0.9518200786089039
-1.3973107961856865 0.9373490481619551
-1.3935547570437843 0.922766806537255
-1.3897530007732282 0.9080751410927161
-1.3859057206176404 0.893275850089041
-1.382013108305659 0.878370733662202
-1.3780753562907297 0.8633616022584092
-1.3740926555694393 0.8482502680979569
-1.3700651978087734 0.8330385531052775
-1.3659931736753803 0.8177282823730039
-1.3618767733016168 0.8023212857788411
-1.3577161871696328 0.7868194011097178
-1.3535116047522782 0.7712244687967558
-1.3492632156127475 0.7555383358467547
-1.3449712083331038 0.739762851702348
-1.340635771689349 0.7238998724120782
-1.3362570939663132 0.7079512579245584
-1.3318353631173239 0.6919188725083798
-1.3273707665065226 0.6758045836545494
-1.3228634913026731 0.6596102633411063
-1.3183137242601326 0.64333778707345
-1.3137216516030623 0.6269890333142785
-1.3090874599283784 0.610565886528192
-1.3044113345152306 0.5940702310117003
-1.2996934604066517 0.5775039546012115
-1.294934023415069 0.5608689520112748
-1.2901332072467073 0.5441671146056506
-1.285291196664916 0.527400341311766
-1.28040817536686 0.5105705310509818
-1.275484327078769 0.4936795863913799
-1.270519834771385 0.47672941069255614
-1.2655148809753092 0.4597219090564961
-1.2604696483960143 0.44265899026019495
-1.2553843193342562 0.42554256461878115
-1.2502590752161957 0.40837454227265013
-1.2450940974914615 0.39115683607045537
-1.2398895670831678 0.3738913595742721
-1.2346456649315904 0.35658002872090533
-1.229362570655439 0.3392247572630964
-1.224040465029923 0.32182746478769
-1.2186795271820938 0.3043900673540618
-1.2132799364386664 0.28691448342626713
-1.2078418715957244 0.26940263134547116
-1.2023655111821663 0.2518564300505264
-1.1968510333467601 0.23427779857732256
-1.1912986159466392 0.21666865620756193
-1.1857084363480062 0.19903092170439796
-1.180080672151868 0.18136651546471794
-1.174415499281588 0.16367735338538125
-1.1687130948993845 0.14596535587797232
-1.1629736342824242 0.12823243798470707
-1.1571972939777957 0.11048051904791167
-1.1513842484025587 0.09271151208658379
-1.1455346734781862 0.07492733483848868
-1.1396487431952829 0.05712989912503197
-1.1337266322506627 0.03932111876832178
-1.1277685142178648 0.021502903926846617
-1.1217745630889902 0.003677165612533617
-1.1157449519024243 -0.014154188538546886
-1.1096798538686778 -0.031989251032052746
-1.1035794411972952 -0.04982611809548354
-1.0974438859338447 -0.06766288731266878
-1.091273360181004 -0.08549765711623203
-1.0850680358478737 -0.10332852765307166
-1.0788280832811556 -0.12115360480819304
-1.0725536742205053 -0.1389709918457529
-1.066244978165801 -0.15677879988981736
-1.059902166243032 -0.17457513705879546
-1.0535254073310594 -0.1923581195094719
-1.0471148717263143 -0.2101258612558463
-1.0406707281663616 -0.2278764825988423
-1.03419314541976 -0.24560810578883663
-1.0276822918361865 -0.263318856381517
-1.021138335562623 -0.28100686275176057
-1.014561444570384 -0.29867025613523923
-1.0079517858497256 -0.31630717288586985
-1.0013095267803755 -0.33391575089888614
-0.9946348336822435 -0.3514941335774603
-0.9879278732791157 -0.3690404660515254
-0.981188812001561 -0.38655289714513263
-0.9744178145997292 -0.40402958304503866
-0.967615047401349 -0.4214686789545692
-0.9607806750106163 -0.43886834773157324
-0.9539148615139086 -0.45622675682177993
-0.9470177723701756 -0.4735420736057214
-0.9400895710871542 -0.49081247389759974
-0.9331304213078669 -0.5080361367467862
-0.9261404863838596 -0.5252112456139068
-0.9191199293236618 -0.5423359885885018
-0.9120689127950676 -0.55940855847037
-0.9049875992508157 -0.5764271525547333
-0.8978761505525265 -0.5933899736223298
-0.890734728936938 -0.6102952277224385
-0.8835634947522601 -0.6271411296179629
-0.8763626097454584 -0.6439258950946835
-0.8691322343889992 -0.660647747358854
-0.8618725292217141 -0.6773049139682992
-0.8545836534387782 -0.693895630145636
-0.8472657679050348 -0.7104181319889259
-0.8399190313562488 -0.7268706652061107
-0.8325436022363538 -0.7432514809636543
-0.825139640377867 -0.759558832281007
-0.8177073036394382 -0.7757909815780213
-0.8102467499613083 -0.791946196165821
-0.8027581373586187 -0.8080227483733478
-0.7952416226502165 -0.8240189183517704
-0.7876973634618771 -0.8399329898589353
-0.7801255159308 -0.8557632552149119
-0.7725262373219026 -0.871508009867785
-0.7648996825052456 -0.8871655597993414
-0.7572460083903628 -0.9027342124209204
-0.7495653692706302 -0.9182122862033794
-0.7418579210503189 -0.9335981021295278
-0.7341238183112794 -0.9488899897165537
-0.7263632155675522 -0.9640862845423488
-0.7185762669171988 -0.979185329006855
-0.7107631259034671 -0.9941854726527884
-0.7029239461095105 -1.0090850710822714
-0.6950588806515923 -1.0238824870030219
-0.6871680823945855 -1.038576089877208
-0.6792517040803818 -1.0531642557540608
-0.6713098976349767 -1.0676453686062974
-0.6633428144835285 -1.082017819776456
-0.655350606585432 -1.0962800061810745
-0.6473334255162382 -1.1104303320635034
-0.6392914216956314 -1.1244672103851314
-0.6312247461159186 -1.1383890598339146
-0.6231335480962952 -1.1521943087772715
-0.6150179787223897 -1.165881389416904
-0.6068781871010883 -1.179448744254038
-0.5987143224663272 -1.1928948225316933
-0.590526533492924 -1.2062180814411396
-0.5823149694911486 -1.219416984241705
-0.5740797787636602 -1.2324900029987975
-0.5658211083789108 -1.2454356189187803
-0.5575391074110396 -1.258252317325601
-0.5492339221757933 -1.2709385951717114
-0.5409057005442701 -1.2834929543823455
-0.5325545887290891 -1.295913906838805
-0.5241807331298287 -1.3081999716013397
-0.5157842806744314 -1.320349674515374
-0.5073653762527968 -1.3323615519781473
-0.49892416569980413 -1.3442341466436847
-0.49046079460346154 -1.3559660092346315
-0.48197540703054303 -1.3675557003203043
-0.473468148385808 -1.3790017864186463
-0.4649391621790677 -1.390302844457517
-0.4563885930095354 -1.4014574577917316
-0.44781658417409814 -1.4124642194339734
-0.43922327899473446 -1.423321730329803
-0.43060882087052466 -1.434028599367583
-0.42197335213481013 -1.4445834448424413
-0.41331701490888534 -1.454984893399532
-0.4046399518671736 -1.4652315791859385
-0.39594230446852435 -1.4753221460106496
-0.38722421416427866 -1.4852552459229285
-0.3784858221907887 -1.4950295395091382
-0.3697272692696759 -1.5046436962633942
-0.3609486960638501 -1.5140963941140855
-0.3521502431284566 -1.5233863195349393
-0.3433320500324492 -1.532512168498987
-0.3344942563713501 -1.5414726454236107
-0.32563700156187225 -1.5502664634391268
-0.3167604245174993 -1.558892344745332
-0.30786466397981477 -1.5673490203098746
-0.29894985828542187 -1.5756352301266041
-0.2900161457469371 -1.583749722892441
-0.28106366460422527 -1.5916912561087786
-0.2720925510366786 -1.599458597834332
-0.26310294339440915 -1.6070505229975556
-0.25409497804057435 -1.6144658170655772
-0.24506879171168636 -1.6217032740237847
-0.23602452066364837 -1.6287616971313126
-0.22696230115372437 -1.6356398985667093
-0.21788226820208942 -1.6423367003854168
-0.2087845578732972 -1.648850932834403

0.39430907842762597 -1.6469186595801415
0.40427004167152986 -1.63975029873352
0.41424050983963107 -1.6323438300531286
0.4242203668458104 -1.6246987191489612
0.4342094959714693 -1.6168144420422392
0.44420778197780864 -1.6086904835235105
0.45421510917741603 -1.6003263386398463
0.4642313624139242 -1.5917215119186872
0.4742564265850935 -1.5828755177567153
0.48429018708321836 -1.5737878800334983
0.4943325295227874 -1.5644581323336104
0.504383339557144 -1.5548858181206815
0.5144425030380078 -1.5450704905982438
0.5245099067323186 -1.5350117119844977
0.5345854372550929 -1.5247090545311344
0.544668981518431 -1.5141621000880174
0.5547604263953421 -1.5033704404533212
0.5648596600658825 -1.4923336759123866
0.5749665695038239 -1.4810514179403214
0.5850810435601147 -1.4695232858133715
0.5952029692208146 -1.457748910805571
0.6053322367184307 -1.4457279303016377
0.61546873404144 -1.433459994144332
0.6256123494970075 -1.4209447617253936
0.6357629735979783 -1.4081818995721018
0.6459204951230402 -1.3951710861989526
0.6560848049273393 -1.3819120073143043
0.6662557921981198 -1.3684043606102845
0.6764333479309375 -1.3546478512373348
0.6866173626652243 -1.3406421947489264
0.6968077274531955 -1.3263871158053995
0.7070043334447681 -1.311882348725284
0.7172070722588697 -1.2971276369486038
0.7274158355320586 -1.2821227336661
0.7376305149764047 -1.2668674017456059
0.7478510031853307 -1.2513614125062988
0.7580771927902371 -1.2356045469388093
0.7683089765815903 -1.2195965955244978
0.7785462476533911 -1.2033373579998106
0.7887888992871799 -1.186826643522722
0.79903682479381 -1.1700642709249567
0.8092899184012688 -1.153050067238203
0.819548074532237 -1.1357838688229955
0.8298111869350211 -1.118265522852217
0.8400791509878063 -1.1004948833885149
0.8503518608711887 -1.0824718161972116
0.8606292120037851 -1.0641961945406506
0.8709110996476503 -1.045667901572406
0.8811974198044744 -1.026886828720408
0.8914880687531761 -1.0078528764708952
0.9017829420247085 -0.9885659562791573
0.9120819363879725 -0.9690259868777927
0.9223849487221629 -0.9492328963193869
0.932691875892903 -0.9291866222158373
0.9430026147923195 -0.9088871116704145
0.9533170634236547 -0.8883343191100184
0.9636351201649667 -0.8675282076554699
0.9739566816342279 -0.8464687534671766
0.9842816468342235 -0.8251559373585542
0.9946099142387792 -0.8035897506388817
1.0049413826773699 -0.781770193305859
1.015275951349608 -0.7596972739800087
1.0256135192815645 -0.7373710110488889
1.0359539855194733 -0.7147914322700111
1.0462972513236661 -0.6919585699063252
1.0566432160088666 -0.6688724698003321
1.0669917790792125 -0.6455331867726527
1.0773428426863567 -0.6219407789739492
1.0876963069141286 -0.5980953184910798
1.0980520720320328 -0.5739968863293716
1.1084100401860646 -0.5496455684009101
1.1187701129691046 -0.5250414611047374
1.129132192531248 -0.5001846687215147
1.1394961802831016 -0.47507530650900354
1.1498619793159524 -0.4497134948450111
1.1602294911209863 -0.42409936717566454
1.1705986195104576 -0.3982330603827654
1.1809692671133232 -0.3721147233777621
1.1913413377565307 -0.3457445111645131
1.20171473485695 -0.3191225888456961
1.2120893616816817 -0.29224913099793715
1.222465122914344 -0.26512431757955346
1.2328419227585623 -0.23774833879003476
1.2432196659504777 -0.21012139242273142
1.2535982567235042 -0.18224368659679868
1.263977601088353 -0.15411543361352265
1.274357603598578 -0.12573685862728534
1.2847381705984415 -0.09710819082573297
1.2951192071771638 -0.06822967172640304
1.305500619693613 -0.039101548214485304
1.3158823146374288 -0.00972407562847899
1.3262641983952772 0.01990248158453589
1.3366461778054155 0.04977785145815239
1.3470281596246623 0.07990175300700897
1.357410051454319 0.11027389893642026
1.3677917613502248 0.14089399458837537
1.3781731958221632 0.17176173202341816
1.388554264504495 0.20287680389088814
1.398934874147974 0.23423888557915618
1.4093149343379605 0.2658476523523219
1.4196943535402677 0.29770276750713065
1.4300730407357443 0.32980388731522736
1.440450904395838 0.36215065788050516
1.450827855582592 0.39474272485302864
1.4612038024494423 0.42757971627099844
1.471578656413469 0.46066126196946366
1.481952326296959 0.4939869750817887
1.4923247236548884 0.5275564690372165
1.5026957588073635 0.561369344906631
1.5130653422570592 0.5954251959294636
1.5234333855797881 0.6297236104947483
1.5337998005379694 0.6642641693074804
1.5441644977725533 0.6990464410084329
1.5545273905152732 0.7340699946339913
1.564888389488394 0.7693343825085877
1.575247408160762 0.8048391580261229
1.5856043582458224 0.8405838603898341
1.595959153609409 0.8765680280333119
1.606311706300787 0.9127911849464359
1.6166619302253338 0.94925285344477
1.6270097387678204 0.9859525459373024
1.6373550457327366 1.022889768237353
1.647697764501804 1.060064016578942

1.6415737833750692 0.7969000292669033
1.6317391306388067 0.7610640052512985
1.6218985293282349 0.7254277392480599
1.6120520132050025 0.6899917547639245
1.6021996156256362 0.6547565710705738
1.592341370259407 0.6197227057888004
1.5824773106947707 0.5848906734634631
1.5726074706457092 0.5502609862897725
1.5627318836106583 0.5158341529095256
1.5528505833827966 0.48161068019262854
1.5429636039136128 0.44759107273148246
1.5330709785589245 0.41377583024993236
1.5231727409564266 0.38016545063617313
1.5132689248157747 0.3467604292008737
1.5033595637030195 0.31356125794497025
1.493444691452229 0.2805684269367099
1.4835243416492598 0.24778242257677752
1.4735985479970475 0.21520372881703898
1.4636673445829167 0.18283282801132605
1.4537307648549556 0.1506701975659479
1.443788842330424 0.1187163122769852
1.433841610882237 0.08697164522932899
1.4238891041222899 0.05543666580517703
1.4139313558100202 0.024111840990256983
1.4039684000655392 -0.0070023639838388
1.3940002702292484 -0.03790548920721126
1.3840269995906596 -0.0685970777722078
1.3740486223856005 -0.09907667273689391
1.364065173090113 -0.12934381936965256
1.3540766839274174 -0.15939807265339256
1.3440831901005943 -0.18923898146686913
1.334084724762564 -0.21886610377642635
1.3240813210838076 -0.248279000349392
1.3140730133662548 -0.27747723152293413
1.3040598357285187 -0.3064603611279013
1.2940418215382552 -0.3352279580951705
1.2840190045473914 -0.3637795931524668
1.2739914185602312 -0.3921148398061478
1.2639590973953907 -0.420233274457152
1.2539220751462876 -0.44813447568518594
1.2438803853060296 -0.4758180266864409
1.2338340611150216 -0.5032835142619314
1.223783137404788 -0.5305305238147899
1.2137276473569407 -0.5575586482110637
1.2036676248265898 -0.5843674814286055
1.1936031036896466 -0.610956620354886
1.1835341180607495 -0.6373256642246761
1.17346070144138 -0.6634742168525247
1.1633828867769047 -0.689401886419444
1.1533007094674834 -0.7151082777700035
1.1432142026084817 -0.7405930046695894
1.1331233998858508 -0.7658556823266174
1.1230283352520742 -0.790895928264044
1.1129290428265315 -0.8157133625971438
1.1028255557616011 -0.8403076108031513
1.092717908568178 -0.8646782980325403
1.0826061342651865 -0.8888250560432696
1.0724902679855013 -0.9127475145456891
1.0623703419574075 -0.9364453131441604
1.0522463914861357 -0.959918087204791
1.0421184489587265 -0.9831654819065099
1.0319865496475056 -1.006187138786703
1.0218507264418064 -1.0289827078660239
1.011711013277165 -1.0515518397821781
1.0015674446402256 -1.073894186999013
0.9914200538037754 -1.0960094076995766
0.9812688747356102 -1.1178971615544844
0.9711139416653166 -1.1395571107245577
0.9609552876266111 -1.160988922952472
0.9507929471448747 -1.182192265850457
0.9406269535409144 -1.2031668126081125
0.9304573412473779 -1.2239122371567586
0.9202841433346287 -1.2444282192623008
0.9101073945706339 -1.264714438305542
0.8999271281921573 -1.2847705798060556
0.8897433783715266 -1.3045963304730326
0.8795561789840194 -1.3241913806735395
0.8693655638896747 -1.3435554238683867
0.8591715662275997 -1.3626881579292676
0.8489742206947752 -1.381589280860025
0.838773560954511 -1.4002584956938011
0.8285696206338649 -1.4186955085844644
0.818362433731091 -1.436900028082984
0.8081520340375963 -1.4548717661939894
0.7979384554080287 -1.4726104378881815
0.7877217321180282 -1.4901157605034059
0.7775018972517571 -1.5073874565025738
0.7672789858164094 -1.524425248182452
0.757053030059196 -1.5412288655414867
0.7468240654570257 -1.5577980363270827
0.7365921243671533 -1.5741324964778227
0.7263572420036724 -1.5902319804295304
0.7161194516091592 -1.6060962288774552
0.7058787869751331 -1.6217249847305633
0.6956352820151384 -1.6371179938146045

-0.6062421191594732 -1.6383064805031635
-0.616572188761868 -1.6227950280691241
-0.6269007945628129 -1.607041340433106
-0.6372279035918709 -1.591045569780864
-0.6475534826897882 -1.5748078716879947
-0.6578774985808663 -1.5583284050247634
-0.6681999177827277 -1.5416073321159507
-0.6785207074598673 -1.5246448173511762
-0.6888398348272836 -1.507441028108504
-0.699157266218559 -1.4899961363339744
-0.7094729683518416 -1.4723103164590974
-0.7197869082306507 -1.4543837455276878
-0.7300990527614101 -1.4362166038391573
-0.7404093689200394 -1.4178090746592633
-0.7507178230073912 -1.3991613455662364
-0.7610243824898448 -1.3802736051343218
-0.7713290145149639 -1.3611460455675146
-0.7816316853038482 -1.3417788638852324
-0.791932362143845 -1.3221722582137099
-0.8022310114616575 -1.3023264313945915
-0.8125276011904663 -1.2822415864396732
-0.8228220975840661 -1.261917932678839
-0.8331144675515116 -1.2413556812648907
-0.843404679045832 -1.220555044304343
-0.8536926974944496 -1.1995162420745487
-0.8639784906146091 -1.1782394933020632
-0.874262025459213 -1.156725021106378
-0.8845432690552121 -1.134973051718394
-0.8948221884055271 -1.1129838144776474
-0.9050987500943486 -1.0907575426917286
-0.915372921543256 -1.0682944709227131
-0.9256446703026774 -1.0455948364609409
-0.9359139622313392 -1.0226588833956116
-0.946180765819935 -0.9994868530027101
-0.9564450471772716 -0.9760789949266351
-0.9667067735599382 -0.9524355592845279
-0.9769659118223533 -0.9285568001552009
-0.9872224298016649 -0.9044429723522243
-0.9974762942041382 -0.8800943363502611
-1.0077274719247324 -0.8555111552360584
-1.017975930305386 -0.8306936940557761
-1.028221636535338 -0.8056422212337675
-1.0384645574732407 -0.7803570090296978
-1.0487046614392959 -0.7548383290881859
-1.0589419135939913 -0.7290864639442427
-1.0691762831700407 -0.703101688945377
-1.0794077365923747 -0.6768842894819813
-1.0896362406149738 -0.6504345531662485
-1.0998617629092888 -0.6237527682490915
-1.1100842706521612 -0.5968392272446281
-1.1203037311487973 -0.5696942253238779
-1.1305201112531575 -0.5423180618574115
-1.1407333787217009 -0.5147110367908141
-1.1509435010927949 -0.4868734536050936
-1.1611504449071983 -0.4588056214926113
-1.1713541783551795 -0.4305078480992971
-1.1815546675210842 -0.40198044987594816
-1.191751881330235 -0.3732237383137368
-1.2019457858355285 -0.3442380359221282
-1.2121363485091208 -0.31502366420859684
-1.2223235371675578 -0.285580946629409
-1.2325073190675548 -0.25591021119195934
-1.2426876615757576 -0.22601178854282034
-1.252864532535089 -0.19588601086363544
-1.263037898264204 -0.1655332178050679
-1.2732077272879583 -0.134953745401436
-1.2833739865633218 -0.1041479372910672
-1.2935366434184064 -0.07311613895303637
-1.303695665857488 -0.041858696719192845
-1.3138510209912162 -0.010375962577540587
-1.3240026760576729 0.021331708927439852
-1.3341505984012685 0.053263960645712594
-1.3442947568009422 0.08542043706260216
-1.354435117166373 0.11780077067542605
-1.3645716478163872 0.15040459870181033
-1.3747043167548298 0.18323155450554762
-1.3848330910660704 0.21628126558331395
-1.3949579376733534 0.24955335596159012
-1.4050788256069662 0.2830474537134915
-1.4151957209531623 0.3167631743143171
-1.4253085929066986 0.3507001406842756
-1.435417407509938 0.3848579623237469
-1.445522133493089 0.41923625488807725
-1.4556227374219153 0.4538346238249924
-1.465719188966738 0.4886526823582473
-1.475811453386735 0.5236900256708825
-1.4858995003658193 0.5589462613799703
-1.4959832960212271 0.5944209818455919
-1.506062809241929 0.6301137862797246
-1.51613800689927 0.6660242639440752
-1.526208857703976 0.702152007801033
-1.5362753288944797 0.7384966027344357
-1.546337387900667 0.7750576314472253
-1.5563950028471656 0.8118346763329576
-1.5664481412140838 0.8488273146156677
-1.5764967714623443 0.8860351243157698
-1.5865408611907506 0.9234576774787109
-1.5965803777658658 0.9610945424474922
-1.6066152896846624 0.9989452889947548
-1.6166455643477833 1.0370094799803296
-1.6266711697918572 1.0752866778622332
-1.6366920740701674 1.1137764423872976
-1.6467082447964518 1.152478328828514

-1.1290812782558688 1.6473861910982572
-1.1136384735949576 1.6097112799454067
-1.0981701954681649 1.5725163607871941
-1.0826764472480144 1.5358041365726605
-1.0671572323747278 1.499577314372286
-1.0516125532879343 1.4638386029268022
-1.036042413347924 1.4285907171372667
-1.020446815143564 1.3938363741599655
-1.0048257622213808 1.3595782973024657
-0.9891792585173409 1.325819214636243
-0.9735073078193346 1.2925618577942766
-0.9578099105750382 1.2598089553914686
-0.9420870728563835 1.2275632518432777
-0.9263387962732521 1.1958274862152116
-0.9105650859597988 1.1646044086831067
-0.894765943368436 1.1338967660239536
-0.8789413726703914 1.1037073143695606
-0.8630913773269544 1.0740388123604916
-0.8472159605008922 1.0448940220193532
-0.8313151259005647 1.0162757103066178
-0.8153888768200157 0.9881866473445555
-0.7994372176515504 0.9606296090756885
-0.7834601511731059 0.9336073725230611
-0.7674576810503124 0.9071227201763148
-0.7514298105803923 0.8811784378182397
-0.7353765443462912 0.8557773171769334
-0.7192978841836717 0.8309221495284822
-0.7031938364698087 0.8066157370644504
-0.6870644021767269 0.7828608775923223
-0.6709095865842807 0.7596603792937797
-0.6547293930427338 0.7370170513188461
-0.638523824701489 0.7149337064615604
-0.622292887254274 0.6934131647842836
-0.6060365823752597 0.6724582448065448
-0.589754914939592 0.6520717731518506
-0.5734478891759173 0.6322565793503876
-0.5571155085334278 0.6130154958018252
-0.5407577767159448 0.5943513590782252
-0.5243746971769244 0.5762670093266422
-0.5079662757796692 0.5587652931015066
-0.4915325146349858 0.5418490566848346
-0.4750734185095344 0.5255211530213171
-0.4585889912102407 0.5097844378362675
-0.44207923765050894 0.4946417716690801
-0.42554416132370954 0.4800960174882243
-0.4089837655451597 0.4661500419778497
-0.3923980564789764 0.4528067179474162
-0.3757870364316881 0.4400689187764395
-0.359150710253214 0.42793952368536203
-0.3424890827307492 0.4164214155008894
-0.3258021568952918 0.4055174795905372
-0.3090899382326836 0.395230606705141
-0.2923524300536895 0.3855636899245911
-0.2755896374610741 0.37651962713340614
-0.2588015645341102 0.3681013193191329
-0.2419882156635637 0.3603116713577519
-0.2251495957509908 0.35315359203267094
-0.20828570875495833 0.34662999339984
-0.19139655826725388 0.34074379115548203
-0.17448215080702417 0.33549790566262216
-0.15754248838029117 0.3308952595074697
-0.14057757730956855 0.3269387802540378
-0.12358742170501184 0.32363139846533673
-0.10657202655499706 0.3209760485497035
-0.08953139545461472 0.31897566836580094
-0.07246553334566253 0.3176331996521444
-0.05537444579650774 0.3169515877489324
-0.03825813681547071 0.3169337815136304
-0.021116610921981437 0.31758273350266464
-0.003949873028908554 0.31890139988080257
0.013242072162094054 0.3208927404235704
0.0304592198082676 0.32355971849423715
0.04770156530236862 0.3269053010939158
0.06496910232951589 0.33093245841365393
0.08226182853893724 0.3356441651531754
0.09957973733427514 0.3410433985758221
0.11692282459045819 0.34713314016181873
0.1342910848505678 0.35391637453156366
0.15168451361484556 0.36139609020971797
0.16910310489875718 0.36957527861644324
0.18654685473557495 0.3784569356234124
0.2040157585286077 0.3880440604450306
0.22150980990611008 0.3983396548143161
0.23902900450041584 0.4093467250766254
0.2565733372402194 0.42106828072230806
0.2741428022338951 0.4335073341588347
0.29173739570486007 0.44666690279805055
0.30935711175686353 0.4605500060546568
0.327001945473544 0.4751596675477201
0.3446718905823495 0.49049891321911043
0.36236694269148184 0.5065707740631538
0.380087096407317 0.5233782837094467
0.3978323466436414 0.5409244795393258
0.41560268710701953 0.559212401155492
0.4333981134213409 0.5782450935399961
0.45121862073669305 0.5980256047362293
0.46906420290704354 0.6185569847876056
0.4869348538947375 0.6398422871730185
0.5048305690813515 0.6618845704665777
0.5227513428792907 0.6846868955354553
0.5406971697080198 0.7082523266414751
0.5586680440306088 0.7325839314895686
0.5766639591250263 0.7576847794945538
0.5946849119833935 0.783557948669616
0.6127308957843081 0.8102065151134628
0.630801903414741 0.8376335576432548
0.648897932020384 0.8658421649175003
0.6670189732951689 0.8948354205723121
0.6851650233763551 0.924616418539425
0.7033360761468129 0.955188252551971
0.7215321249801406 0.9865540187204318
0.7397531655259523 1.0187168203977994
0.7579991905760716 1.0516797592665719
0.776270195743729 1.0854459453564451
0.7945661731051217 1.1200184854794841
0.8128871183656735 1.1554004964801718
0.8312330260262479 1.1915950963501145
0.8496038896751583 1.2286054045685089
0.8679997025841887 1.2664345431463584
0.8864204595640598 1.3050856404885898
0.9048661547416081 1.344561826909068
0.9233367819318243 1.3848662353037122
0.9418323357096048 1.426002003487791
0.9603528081639556 1.4679722669285358
0.9788981952072792 1.5107801729146813
0.9974684901240649 1.5544288660591716
1.0160636859131416 1.5989214933952631
1.034683777131522 1.6442612088410078

0.9996246390357804 1.6384027951791635
0.9804594140891076 1.5934133672043589
0.9613151074490183 1.5493070781171783
0.942191726439828 1.5060812045263337
0.923089279216367 1.4637330265809272
0.90400777420516 1.4222598265912807
0.8849472210860121 1.3816588910435472
0.8659076271178383 1.3419275027447677
0.8468890020848296 1.3030629513515835
0.8278913546605631 1.2650625256339598
0.808914692411226 1.227923513725774
0.7899590224939594 1.1916432046892034
0.7710243564997699 1.1562188975626135
0.7521107006216332 1.1216478826507958
0.7332180656525256 1.087927460320309
0.7143464568329305 1.0550549225485524
0.6954958857240312 1.0230275740372803
0.6766663587469401 0.9918427121262661
0.6578578847824201 0.9614976399967607
0.6390704733166386 0.9319896632764386
0.6203041317124022 0.9033160858033615
0.6015588678669352 0.8754742139739884
0.5828346915374224 0.8484613585170475
0.5641316100154548 0.8222748281375085
0.545449633362826 0.7969119370419693
0.526788768299904 0.7723699964463477
0.5081490240601338 0.74864632261609
0.4895304081590409 0.7257382312212362
0.47093293006663284 0.7036430419895494
0.45235659734290523 0.6823580739509953
0.43380141856981247 0.6618806490191027
0.4152674021698862 0.6422080905502097
0.3967545566956784 0.6233377236701079
0.37826288959806076 0.6052668740730001
0.35979240949815194 0.587992870334018
0.3413431255730807 0.5715130431315953
0.3229150453747639 0.5558247233239191
0.30450817727812884 0.5409252442239414
0.28612252864088417 0.5268119400568732
0.2677581099665331 0.5134821491114103
0.24941492741520874 0.5009332081200069
0.23109298998150213 0.4891624576304263
0.2127923064689896 0.47816723966427066
0.19451288445480203 0.46794489720351096
0.1762547315103828 0.458492775055946
0.15801785724642564 0.4498082207914851
0.13980226911139687 0.4418885825838874
0.12160797592757566 0.43473121098051104
0.10343498405306203 0.4283334573502706
0.08528330417660583 0.42269267636770325
0.06715294316774831 0.41780622309501814
0.04904390912174502 0.4136714548214788
0.030956210349960916 0.41028573064652285
0.012889855010290349 0.407646411392927
-0.005155149009487363 0.4057508596324706
-0.02317879340120029 0.4045964397753292
-0.041181070195119115 0.4041805179858997
-0.059161970378881865 0.4045004622032171
-0.07712148667583889 0.40555364215166434
-0.09505961167329455 0.4073374294749472
-0.11297633534360937 0.4098491973139484
-0.1308716521887221 0.4130863212162079
-0.14874555146435764 0.4170461776966008
-0.16659802651462535 0.42172614581203627
-0.18442907049002571 0.4271236066122761
-0.20223867297027115 0.43323594187658476
-0.2200268269170813 0.44006053620329455
-0.2377935246269236 0.44759477589974206
-0.25553875800181725 0.4558360489827884
-0.27326251888658415 0.4647817452801586
-0.2909647993370531 0.47442925657446855
-0.3086455915638239 0.48477597661558103
-0.3263048868566587 0.4958193004613405
-0.34394267766220493 0.5075566257211288
-0.3615589563751461 0.5199853519146564
-0.37915371479027016 0.5331028800458235
-0.3967269451171074 0.5469066133039224
-0.41427863941324217 0.5613939566713346
-0.43180878898702335 0.5765623163683786
-0.4493173873695063 0.5924091024571503
-0.4668044260937809 0.6089317252156774
-0.4842698962851685 0.6261275963418178
-0.501713790947147 0.6439941312632282
-0.5191361020820555 0.6625287463934051
-0.5365368221468951 0.681728860572328
-0.5539159428492701 0.701591893760253
-0.571273455944532 0.7221152678519036
-0.588609354210236 0.7432964078997568
-0.6059236303224588 0.7651327408799291
-0.623216274572059 0.7876216926609496
-0.6404872820196617 0.8107606972657173
-0.6577366425247637 0.8345471838659724
-0.6749643492378107 0.8589785879759919
-0.6921703935086991 0.8840523445817046
-0.7093547689570823 0.9097658939625668
-0.7265174669695081 0.9361166751371095
-0.7436584789535113 0.9631021290238171
-0.7607777985921271 0.9907197021303915
-0.7778754178706556 1.0189668403585745
-0.794951328814284 1.0478409916498603
-0.812005523206824 1.0773396055052467
-0.829037994550755 1.1074601364465901
-0.8460487343320685 1.1382000375308419
-0.863037735242913 1.1695567659743906
-0.880004987981767 1.2015277772987125
-0.8969504876203679 1.2341105373151335
-0.9138742238297293 1.2673025036128283
-0.9307761915128159 1.3011011459906037
-0.9476563804522753 1.3355039261681445
-0.9645147844243145 1.370508315906478
-0.981351395504951 1.4061117856275889
-0.9981662068677404 1.4423118101693753
-1.0149592096881563 1.4791058621572768
-1.0317303977978396 1.5164914220907755
-1.0484797612365635 1.5544659641112686
-1.0652072945453495 1.5930269745599803
-1.0819129889150585 1.6321719342904446

-1.6365747091374772 0.9039040491496513
-1.6203450951181606 0.841866244394964
-1.6040921727339297 0.7803438419520903
-1.5878159492876496 0.719339459825399
-1.571516427575169 0.6588557020071284
-1.5551936159731383 0.5988951961840663
-1.538847518183569 0.5394605555946128
-1.5224781401965735 0.4805544048257828
-1.5060854866350368 0.4221793664336069
-1.4896695635443455 0.36433807097406734
-1.4732303772169564 0.3070331526576475
-1.4567679324639158 0.2502672433719866
-1.4402822349402054 0.1940429808448152
-1.4237732913737264 0.13836300924988287
-1.407241104726027 0.08322996295405227
-1.3906856819583155 0.028646492685005853
-1.374107029103456 -0.025384751196634525
-1.3575051512699559 -0.07886111851179178
-1.340880053836882 -0.1317799553094514
-1.324231742603164 -0.18413860345420896
-1.3075602230497385 -0.23593440298755253
-1.2908655008238057 -0.28716469059340044
-1.2741475823245911 -0.33782679786891756
-1.2574064721825307 -0.3879180589658535
-1.2406421764542617 -0.43743580087858525
-1.223854700457157 -0.48637734999209825
-1.2070440501949662 -0.5347400278689385
-1.1902102309889273 -0.5825211552433343
-1.1733532487409926 -0.6297180483802254
-1.1564731096555574 -0.6763280199532473
-1.1395698187603147 -0.7223483831048094
-1.1226433819060297 -0.7677764458930592
-1.1056938039815027 -0.8126095161411342
-1.0887210920297172 -0.8568448931924164
-1.071725251998108 -0.9004798766122133
-1.0547062874684658 -0.943511769164755
-1.0376642069578357 -0.9859378583218481
-1.0205990146616055 -1.0277554397314426
-1.003510716573762 -1.0689618017384666
-0.9863993182556456 -1.1095542309885758
-0.969264825178509 -1.1495300115539853
-0.9521072446986486 -1.1888864204268834
-0.9349265809628531 -1.2276207392785468
-0.9177228401441251 -1.2657302423363803
-0.9004960284658403 -1.3032122010455551
-0.8832461520776107 -1.3400638843449362
-0.8659732162613121 -1.3762825603049174
-0.8486772261976099 -1.4118654943971316
-0.8313581897406264 -1.4468099439337296
-0.8140161107707197 -1.481113171617083
-0.7966509957917686 -1.5147724320978027
-0.7792628512876262 -1.5477849774650405
-0.7618516820295773 -1.5801480603582114
-0.7444174950704285 -1.611858926443667
-0.7269602950387466 -1.6429148231502915

0.8209738958615572 -1.6256107234038888
0.8403646024120078 -1.5906502641689677
0.8597777802980796 -1.5547883559538818
0.8792134216231167 -1.518022030424346
0.8986715214974791 -1.48034831130592
0.9181520715276892 -1.4417642267592419
0.9376550658783527 -1.4022667977517818
0.9571804976984696 -1.3618530449678852
0.9767283612084803 -1.3205199845790505
0.9962986471970167 -1.2782646378317435
1.015891351559981 -1.2350840128081573
1.0355064655915522 -1.1909751253365182
1.0551439842433772 -1.1459349808974304
1.0748038984835044 -1.0999605918467874
1.09448620461428 -1.0530489558960938
1.1141908927738624 -1.0051970830983519
1.1339179591542885 -0.956401966742574
1.1536673939608342 -0.9066606125901109
1.17343919277622 -0.8559700108370942
1.1932333478117478 -0.8043271579267415
1.2130498516852493 -0.751729047201835
1.232888698102553 -0.6981726669614081
1.2527498803811647 -0.6436550043034945
1.2726333916593562 -0.5881730446283708
1.2925392249417555 -0.5317237715523999
1.3124673729133278 -0.4743041674821733
1.3324178297160343 -0.4159112084503309
1.3523905873013429 -0.3565418747122324
1.372385640346876 -0.2961931362977126
1.392402979524161 -0.23486197317257673
1.4124426008235513 -0.17254534694763368
1.4325044946652352 -0.10924023427393137
1.4525886567544004 -0.04494359312262319
1.472695077522667 0.020347603895099375
1.49282375092238 0.08663639747708052
1.5129746707108205 0.15392582994235537
1.5331478300915502 0.22221894396068986
1.5533432204209774 0.2915187779534312
1.5735608362445461 0.36182838329377587
1.593800670382574 0.43315080760936864
1.6140627157241065 0.505489100826011
1.6343469644754194 0.5788463124447809

1.646229154673542 1.648262022790242
1.6376542128424374 1.6190406020124133
1.6291397634508058 1.5902122891338624
1.6206858572609182 1.561773748634681
1.6122925446777958 1.5337216649510341
1.60395987641539 1.5060527447888035
1.5956879030300557 1.478763715626223
1.5874766747877365 1.4518513253671204
1.5793262433734423 1.4253123479901277
1.5712366584206348 1.3991435722778958
1.5632079714821694 1.373341814824646
1.5552402321060796 1.3479039074165735
1.5473334920057367 1.3228267104956402
1.5394878008522115 1.298107099790176
1.5317032104256034 1.27374197954871
1.5239797706800626 1.2497282701978838
1.5163175324362703 1.2260629168903803
1.5087165468972694 1.2027428880058681
1.501176864391581 1.1797651713654629
1.493698535762753 1.1571267785843875
1.48628161173737 1.1348247431967025
1.4789261431131322 1.1128561212982344
1.471632180723077 1.091217991504931
1.464399775310441 1.0699074546532494
1.4572289779844505 1.0489216352099633
1.450119839323769 1.0282576787102409
1.443072409886379 1.0079127533488732
1.4360867412929295 0.987884053149223
1.4291628836249326 0.9681687905475553
1.4223008880707926 0.9487642040726529
1.415500805478284 0.9296675542583424
1.408762686733717 0.9108761248025679
1.4020865830257856 0.8923872233638768
1.395472544961006 0.8741981791803375
1.3889206236408689 0.8563063461291041
1.3824308697444843 0.8387091002724159
1.37600333449151 0.8214038425538794
1.3696380686812049 0.8043879962595597
1.3633351233583113 0.7876590088917454
1.3570945499067841 0.7712143524642987
1.3509163984953885 0.7550515194915013
1.3448007205477557 0.7391680295678205
1.338747567312455 0.7235614256487444
1.3327569896433098 0.7082292735802513
1.3268290387905322 0.6931691642115658
1.32096376557003 0.6783787113440378
1.3151612205971845 0.663855552428158
1.3094214558662918 0.6495973525643031
1.3037445220358805 0.6356017977796156
1.298130470169318 0.6218665994690309
1.2925793514651351 0.6083894937786711
1.2870912169512603 0.5951682409330763
1.2816661178427473 0.5822006261766735
1.2763041052271782 0.5694844590869192
1.2710052305077322 0.5570175746984407
1.2657695446756738 0.5447978318562354
1.2605970987043384 0.5328231142369082
1.2554879443361644 0.5210913322243425
1.2504421320423806 0.5096004182841596
1.2454597138453998 0.4983483335055878
1.2405407404729183 0.4873330611828086
1.2356852631204673 0.4765526109091405
1.2308933331032743 0.4660050178441595
1.2261650020425328 0.4556883431815346
1.2215003208203523 0.44560067194429576
1.2168993408522044 0.43574011584591954
1.212362113425886 0.4261048119161921
1.2078886898439753 0.41669292288702175
1.2034791214146028 0.40750263724699276
1.199133459844215 0.3985321701228852
1.1948517557355214 0.38977976025965644
1.1906340610263833 0.38124367511864077
1.186480426849496 0.3729222065513975
1.1823909047787355 0.3648136734159817
1.1783655457458364 0.3569164194929402
1.1744044017583881 0.3492288169447535
1.1705075235849924 0.3417492618591984
1.166674963334291 0.3344761793247695
1.1629067720566653 0.3274080188885964
1.1592030012572252 0.32054325753648105
1.1555637023701875 0.31388039876236995
1.1519889268602945 0.30741797283498373
1.148478726361982 0.3011545371175284
1.145033152098783 0.29508867510886305
1.141652255809733 0.28921899816695595
1.1383360887767124 0.28354414387021687
1.135084702902529 0.2780627779555114
1.1318981492168465 0.27277359185484995
1.1287764796708886 0.26767530579473275
1.1257197456821626 0.26276666643274704
1.1227279989177839 0.2580464482327791
1.1198012907570196 0.2535134526826823
1.1169396729168235 0.24916650935541407
1.1141431970662619 0.24500447536838665
1.1114119147713994 0.24102623538867696
1.1087458776178294 0.23723070190012385
1.1061451373582825 0.23361681548140956
1.1036097454543836 0.2301835442428286
1.101139753654034 0.22692988470767927
1.098735213638736 0.22385486139392774
1.0963961771876323 0.22095752710530214
1.094122695894025 0.2182369626563876
1.0919148214859686 0.21569227735423557
1.0897726056524801 0.2133226088602207
1.0876961001612144 0.21112712340068818
1.0856853568021507 0.20910501577196872
1.0837404272491633 0.20725550928572156
1.0818613631934104 0.20557785599770528
1.0800482165750551 0.20407133697117974
1.0783010390221146 0.20273526186678725
1.0766198824656918 0.2015689695349816
1.075004798664389 0.2005718277121986
1.0734558394916927 0.19974323331053867
1.0719730566574426 0.19908261233974112
1.0705565021101693 0.19858942018869707
1.0692062276045216 0.1982631415078966
1.0679222851641312 0.19810329043101116
1.0667047264408644 0.19810941053774234
1.0655536035425461 0.198281075011717
1.064468968174166 0.19861788671974812
1.0634508724224854 0.19911947818103792
1.062499368068699 0.19978551184362492
1.0616145071085312 0.2006156799566825
1.060796341502012 0.2016097047410068
1.0600449231659135 0.2027673385348212
1.0593603040857296 0.20408836373445816
1.0587425362118386 0.2055725930308101
1.058191671556965 0.20721986929188163
1.0577077621378428 0.2090300657128621
1.057290859902423 0.21100308626669606
1.0569410169047941 0.21313886511546554
1.056658285200894 0.21543736692409743
1.05644271679929 0.2178985874823045
1.0562943637614135 0.22052255312727387
1.056213278164054 0.22330932084817867
1.056199512078897 0.22625897865200217
1.056253117593092 0.2293716458786932
1.056374146801502 0.2326474724159453
1.0565626518186275 0.2360866397672301
1.0568186847733456 0.23968936056142653
1.0571422977818234 0.24345587845963124
1.0575335429973258 0.24738646889104587
1.0579924725581085 0.2514814384846291
1.058519138635725 0.25574112565694795
1.0591135934496099 0.2601659007060457
1.0597758891461382 0.2647561650087622
1.0605060779151703 0.2695123520355087
1.0613042119822569 0.2744349272992799
1.0621703435650558 0.2795243881501914
1.063104524875551 0.2847812638983598
1.0641068082217364 0.29020611645119976
1.0651772457680018 0.29579953908356593
1.0663158898810436 0.30156215837767353
1.0675227927413653 0.30749463227239593
1.0687980067406493 0.3135976521599011
1.0701415840610988 0.3198719409020272
1.071553577082484 0.3263182548720258
1.07303403805443 0.3329373824898574
1.074583019357822 0.33973014550406044
1.0762005734176014 0.34669739865115257
1.077886752513919 0.35384002893632216
1.0796416089025833 0.36115895626757233
1.0814651951776666 0.36865513502423153
1.0833575634911718 0.37632955090320785
1.0853187664411865 0.38418322465693056
1.0873488563682798 0.392217209299369
1.0894478856063348 0.40043259122853914
1.091615906762673 0.40883049138997074
1.0938529721793515 0.41741206325268254
1.0961591342264962 0.42617849405320096
1.0985344454760746 0.4351310055255071
1.100978958265154 0.4442708523278347
1.1034927253110238 0.4535993244357541
1.1060757989097818 0.46311774423308205
1.1087282317403266 0.4728274695837471
1.111450076148358 0.4827298912740192
1.114241384737492 0.4928264352657086
1.1171022100748378 0.5031185616973861
1.120032604810398 0.5136077653995501
1.123032621318277 0.5242955746974489
1.1261023120901212 0.5351835529102007
1.1292417298961288 0.5462732989926975
1.1324509274084364 0.5575664462785506
1.1357299570633081 0.5690646620901345
1.1390788716198195 0.580769649786619
1.1424977234123694 0.5926831462298849
1.145986565407767 0.6048069255587378
1.149545450050745 0.6171427952478463
1.1531744301958922 0.6296925994345024
1.1568735584786283 0.6424582168192836
1.1606428874840284 0.6554415613402107
1.164482469651138 0.6686445819301314
1.1683923583239042 0.6820692662106005
1.1723726055406058 0.6957176329809138
1.176423264684161 0.7095917414037287
1.180544387833659 0.7236936820072946
1.1847360281021513 0.7380255847809492
1.1889982381972417 0.7525896143299344
1.1933310710764409 0.7673879722034627
1.19773457917887 0.7824228943560014
1.202208815506026 0.7976966549239499
1.206753832970998 0.8132115640884148
1.2113696839298764 0.8289699665617214
1.2160564214844254 0.844974246119857
1.220814098718183 0.8612268230816986
1.2256427680376967 0.8777301521437983
1.2305424827454996 0.8944867278408084
1.2355132952960661 0.911499078670645
1.2405552585752408 0.9287697715536629
1.2456684258246347 0.9463014116654533
1.250852849639379 0.9640966390879466
1.256108583218718 0.9821581331836304
1.261435679392892 1.0004886093440581
1.2668341909737446 1.019090820277135
1.2723041707927418 1.0379675562241255
1.2778456719816376 1.057121646017317
1.2834587473071655 1.0765559548698143
1.2891434498786323 1.0962733869078525
1.2948998330301824 1.116276884858864
1.3007279494171768 1.1365694269972146
1.3066278517198437 1.1571540296650995
1.3125995937068966 1.1780337510823737
1.3186432279193205 1.1992116833500819
1.3247588074004346 1.2206909585730426
1.3309463856452235 1.2424747487883874
1.3372060149158727 1.2645662601205023
1.3435377487251936 1.28696874161179
1.3499416405208235 1.3096854806925915
1.3564177424918904 1.3327197990166129
1.362966108836523 1.356075064157328
1.3695867918870823 1.3797546759170722
1.376279845095283 1.4037620770434165
1.3830453212156628 1.4281007468301472
1.38988327402153 1.4527742073689582
1.3967937563556818 1.4777860166274421
1.4037768214444106 1.5031397732637846
1.4108325218476723 1.5288391129065926
1.4179609118985586 1.5548877171323592
1.425162043645211 1.5812892987575955
1.4324359715025223 1.6080476189286488
1.4397827474824898 1.6351664697214936

1.4792811132779669 1.6389531580619887
1.4748309544636966 1.6207932878897404
1.4704579797660098 1.6029379812501947
1.4661621426763647 1.5853847742054437
1.4619433963037687 1.5681312437978563
1.457801694373031 1.5511750120493542
1.4537369898883872 1.534513740412704
1.4497492359956226 1.5181451332118314
1.44583838642863 1.5020669393996084
1.4420043938822902 1.48627694578928
1.4382472122743366 1.470772986274985
1.434566794503278 1.4555529325188963
1.4309630939814686 1.4406147001849745
1.4274360641903772 1.4259562470309453
1.423985658346958 1.4115755714386533
1.420611829545265 1.3974707129088957
1.4173145315797053 1.3836397554284745
1.4140937177240662 1.3700808222905527
1.4109493410210825 1.356792077200164
1.40788135512939 1.3437717277723933
1.4048897131582254 1.331018020527683
1.4019743685909052 1.3185292447214816
1.3991352748966834 1.3063037306255296
1.3963723853905423 1.2943398488371693
1.3936856533861373 1.2826360108468151
1.3910750323452326 1.2711906696119586
1.3885404756272395 1.2600023183872398
1.3860819366202648 1.2490694912119138
1.383699368849963 1.238390763322101
1.3813927256357448 1.2279647495347157
1.3791619602870298 1.217790105024604
1.3770070264339445 1.2078655267680167
1.374927877380138 1.1981897505084684
1.372924466655631 1.1887615532112261
1.370996747548751 1.1795797507992232
1.3691446735868262 1.1706432003327834
1.3673681981971741 1.1619507983322754
1.3656672749804837 1.1535014820306642
1.3640418571321116 1.1452942264160115
1.3624918983288836 1.1373280485700432
1.3610173519646138 1.1296020037658598
1.3596181715636628 1.122115187479427
1.3582943104654674 1.1148667336334808
1.3570457223591619 1.1078558174267061
1.3558723606381284 1.101081651734055
1.354774178787718 1.0945434891278305
1.3537511303282699 1.0882406215116354
1.3528031687590603 1.082172379707505
1.3519302476081907 1.0763381336829099
1.3511323203867973 1.0707372921772835
1.3504093406427413 1.0653693029913782
1.3497612619062127 1.060233652537005
1.3491880376877379 1.0553298656857253
1.3486896215632047 1.050657506413518
1.3482659670737696 1.0462161769081098
1.347917027732486 1.042005517353461
1.347642757157017 1.0380252074747784
1.3474431088771919 1.0342749641541458
1.347318036462398 1.030754542722955
1.3472674935070947 1.0274637373168103
1.3472914335820985 1.024402379385458
1.3473898102760526 1.0215703385512702
1.347562577179374 1.0189675224268462
1.34780968789792 1.0165938762818176
1.3481310960271462 1.0144493833022397
1.3485267551723399 1.0125340642281508
1.3489966189459295 1.0108479773665113
1.3495406410059827 1.0093912184326315
1.350158774904977 1.0081639208490363
1.350850974370006 1.0071662550064802
1.3516171929337444 1.0063984288990677
1.3524573843559244 1.0058606874368805
1.3533715021625652 1.0055533128332836
1.3543595001351671 1.0054766242050395
1.3554213317654837 1.0056309776646906
1.3565569508943773 1.0060167662101662
1.357766311078709 1.0066344195894135
1.3590493660285907 1.0074844043004223
1.3604060693827618 1.0085672234342495
1.3618363749198812 1.0098834167538655
1.3633402362371176 1.0114335603440612
1.3649176071551288 1.0132182669120389
1.3665684412358485 1.0152381852034975
1.3682926922734029 1.0174940004704776
1.3700903140399883 1.0199864341268614
1.3719612601048836 1.0227162433860815
1.373905484292403 1.0256842218270426
1.375922940254443 1.0288911987074703
1.3780135817807002 1.0323380393519295
1.3801773626964287 1.0360256449361929
1.3824142366228998 1.039954951989281
1.3847241574457878 1.0441269331208485
1.3871070786886261 1.04854259583165
1.3895629543545893 1.0532029839691335
1.392091738052345 1.0581091760400847
1.3946933838662767 1.0632622867906139
1.3973678451566771 1.0686634647761095
1.4001150760051506 1.074313895145663
1.4029350299233476 1.0802147969728595
1.4058276611120528 1.086367425777155
1.4087929229638767 1.0927730703037444
1.4118307695902708 1.099433055685855
1.41494115469854 1.1063487409679404
1.418124032061156 1.1135215200302957
1.4213793555347036 1.1209528215659974
1.4247070789610516 1.1286441087864305
1.4281071563669254 1.1365968798117452
1.4315795413183752 1.144812666082867
1.4351241877664471 1.153293034257751
1.4387410496216302 1.1620395851511556
1.4424300805336885 1.171053953111786
1.4461912346857009 1.180337807883277
1.4500244656857257 1.1898928518171057
1.4539297275164773 1.1997208221279752
1.4579069741121553 1.2098234897825813
1.4619561593240404 1.2202026593289452
1.4660772368922501 1.2308601687374616
1.4702701610609537 1.2417978909243295
1.4745348855782492 1.2530177310896011
1.4788713643226914 1.2645216282551535
1.4832795508877432 1.2763115540875516
1.4877593999073728 1.2883895163799512
1.4923108645987708 1.3007575523841512
1.4969338993804513 1.3134177357817989
1.5016284581045891 1.3263721718393433
1.5063944946499972 1.339622998927903
1.5112319628278719 1.3531723881858282
1.5161408167339323 1.3670225444337158
1.5211210105519772 1.3811757055680518
1.526172497923694 1.3956341406847246
1.531295232941877 1.4104001528219028
1.5364891693992682 1.4254760767427945
1.5417542616792772 1.44086428144271
1.5470904636024474 1.4565671667272997
1.5524977289445034 1.4725871646213284
1.557976011922803 1.4889267407452502
1.563525266548386 1.5055883923325557
1.5691454468535964 1.5225746488247873
1.5748365068109527 1.5398880715514514
1.5805984004923457 1.5575312541385977
1.586431081710984 1.5755068213371937
1.5923345049023145 1.5938174316641414
1.5983086237184394 1.6124657729881489
1.6043533924258488 1.6314545667823914

1.6222460191273056 0.4759307078850492
1.5881769773410745 0.35409660785089603
1.554161719138476 0.23510018787170606
1.520200288829116 0.11892908814602121
1.4862927358745015 0.005570971982139961
1.4524391030754322 -0.1049865142599713
1.4186394383426646 -0.212755701460287
1.384893789075034 -0.31774891693055674
1.3512021995618984 -0.4199784919400369
1.317564716445606 -0.5194567445176528
1.2839813886137073 -0.6161959806064246
1.2504522604461341 -0.7102085135415024
1.2169773789308984 -0.8015066431310391
1.1835567895415482 -0.8901026673682859
1.1501905399505323 -0.976008872377119
1.116878675776055 -1.0592375436570292
1.0836212451071396 -1.13980095445386
1.0504182930597443 -1.217711379207984
1.0172698650696508 -1.292981085016248
0.9841760096301896 -1.3656223257910045
0.951136772494876 -1.435647355426124
0.9181522001032476 -1.5030684198307573
0.8852223386297298 -1.5678977589671503
0.852347236188326 -1.6301476026013269

-0.7805446301186219 -1.6135891113073981
-0.8104507481007514 -1.5564398372390271
-0.8402995828075104 -1.4973604332927541
-0.870091087889479 -1.436362686680043
-0.8998252131540301 -1.3734583829964002
-0.9295019159613468 -1.308659282195094
-0.9591211463287208 -1.241977150002545
-0.9886828576434563 -1.1734237351395815
-1.0181870023719695 -1.1030107785040089
-1.047633535217906 -1.030750005563303
-1.0770224071459993 -0.9566531408084598
-1.1063535729809257 -0.8807318890248295
-1.1356269828413588 -0.802997956968456
-1.164842592260492 -0.7234630269894358
-1.1940003525506957 -0.6421387823558149
-1.2231002185013422 -0.5590368863605815
-1.2521421417518568 -0.4741690006881383
-1.2811260753613283 -0.3875467725905539
-1.3100519709446377 -0.2991818431974178
-1.33891978254429 -0.2090858357188805
-1.367729463023304 -0.1172703661961354
-1.396480965250752 -0.0237470399331261
-1.425174240706085 0.07147254389054325
-1.4538092456137162 0.16837681278804895
-1.4823859283592253 0.2669541787609684
-1.5109042442413372 0.36719308813283447
-1.539364145582231 0.4690819881408572
-1.5677655856127468 0.5726093403166046
-1.596108516312623 0.6777636127612934
-1.6243928915463823 0.784533291742308

-1.0577562589397504 1.6409052399571915
-1.02256452715738 1.560931112365577
-0.9872733987391562 1.483557594464302
-0.9518828206851978 1.4088085646348287
-0.9163927398945256 1.336707985788597
-0.8808031046422412 1.2672799083500497
-0.8451138568242105 1.2005484556327386
-0.8093249455112739 1.1365378502425982
-0.7734363196115623 1.075272399056665
-0.7374479210605175 1.0167764826148917
-0.7013597009198851 0.9610745822845945
-0.6651716022665144 0.9081912523373541
-0.6288835729640149 0.8581511404387174
-0.5924955600697753 0.8109789787789026
-0.5560075071653052 0.7666995813969906
-0.5194193651995346 0.7253378575542739
-0.482731078888962 0.6869187951162681
-0.4459425955065943 0.6514674713728872
-0.40905385881382816 0.6190090470078216
-0.37206481806118263 0.5895687744809843
-0.33497541701022815 0.5631719884924373
-0.29778560367667983 0.5398441141186787
-0.260495325586058 0.5196106627648052
-0.22310452820968404 0.5024972318425727
-0.1856131573875741 0.48852950656559857
-0.14802116010730337 0.4777332601072055
-0.11032848110837787 0.4701343526938355
-0.07253507125486373 0.46575873330229034
-0.03464087375864677 0.46463243733196213
0.0033541645949419774 0.4667815889035487
0.04145009868260423 0.4722324004176226
0.07964697852974822 0.4810111716190302
0.11794486243115854 0.49314429233868373
0.15634379929621023 0.5086582383156266
0.19484384655765002 0.527579576808054
0.2334450563254542 0.549934961820729
0.27214748244692205 0.5757511369149741
0.3109511769039745 0.6050549332158464
0.34985619497685494 0.6378732732954464
0.3888625902973497 0.6742331679254772
0.42797041654943546 0.7141617172838319
0.467179725697496 0.7576861090560907
0.5064905748310866 0.8048336263062152
0.5459030153887164 0.855631635521791
0.585417100146377 0.9101075941554617
0.6250328844811086 0.9682890532593724
0.6647504215436111 1.0302036510391295
0.7045697667978601 1.0958791196669093
0.7444909693682707 1.1653432710060696
0.7845140874568542 1.2386240227840455
0.8246391734773122 1.315749373596823
0.8648662793446427 1.3967474112885094
0.9051954605856416 1.4816463216862146
0.9456267708164228 1.5704743779949695

1.1382237134711226 1.647286183667915
1.1339547406864263 1.6355563310587096
1.1297066322541816 1.6239237232955057
1.1254793607025992 1.6123876838913147
1.1212728985903486 1.6009475404603486
1.1170872184921663 1.5896026246644972
1.112922293513888 1.5783522735882904
1.108778096398031 1.5671958272977857
1.1046545999855328 1.5561326300809402
1.1005517778110883 1.5451620320193409
1.0964696026700997 1.5342833851315945
1.0924080477216056 1.523496046318137
1.0883670863484667 1.5127993769626702
1.0843466921102993 1.502192742785557
1.0803468382217227 1.4916755124538241
1.0763674986693426 1.4812470605060306
1.0724086464653135 1.4709067627520578
1.0684702559487562 1.4606540022841799
1.0645523004710244 1.4504881634112992
1.0606547540921496 1.4404086360689679
1.0567775908611075 1.4304148139246102
1.05292078476396 1.4205060942327634
1.0490843097165459 1.410681877806824
1.0452681402603115 1.400941570782873
1.041472250508934 1.3912845819060111
1.0376966150404265 1.3817103247945761
1.0339412078477344 1.3722182152608395
1.0302060040570031 1.3628076756449827
1.0264909779969744 1.3534781299165597
1.022796104403668 1.3442290067057239
1.0191213580262648 1.3350597382931464
1.0154667137724482 1.3259697609586416
1.0118321466124096 1.3169585147255392
1.0082176316659397 1.308025443561473
1.004623143811255 1.2991699943987425
1.0010486584353833 1.2903916189720652
0.9974941509143391 1.281689772516744
0.9939595964528136 1.2730639133670882
0.9904449705628079 1.2645135041141495
0.9869502488739487 1.256038011123346
0.9834754066650768 1.247636903388028
0.9800204200991199 1.2393096555030336
0.9765852646086597 1.2310557437473957
0.9731699163164417 1.2228746494977223
0.9697743509154326 1.2147658565212756
0.9663985447827347 1.2067288536285448
0.9630424735949358 1.198763131355908
0.9597061139116677 1.1908681857214716
0.9563894420065555 1.183043515428643
0.9530924341184388 1.1752886224555406
0.949815066605159 1.1676030124054755
0.9465573162216383 1.1599861951411476
0.9433191594662901 1.15243768323879
0.9401005730594977 1.1449569930968462
0.9369015337544988 1.1375436444800888
0.933722018590617 1.1301971610921724
0.9305620041202367 1.1229170687771384
0.9274214678526412 1.1157028988370987
0.9243003865751817 1.1085541841501403
0.921198737866175 1.1014704626341647
0.9181164985085626 1.0944512736031418
0.9150536463549538 1.0874961620118455
0.9120101584279302 1.080604674115495
0.9089860126407401 1.073776361365982
0.9059811863704386 1.0670107771651143
0.9029956575097502 1.0603074792299316
0.9000294037537881 1.053666027971607
0.8970824029258366 1.0470859872180176
0.894154633077909 1.0405669244233708
0.8912460720626518 1.0341084097019833
0.8883566983766008 1.0277100176892526
0.8854864900232544 1.0213713250050005
0.88263542517888 1.0150919117229362
0.8798034823483677 1.0088713616975844
0.8769906400808474 1.0027092619227496
0.8741968768084922 0.996605202168892
0.8714221712037736 0.9905587757543763
0.8686665019865192 0.9845695791101965
0.8659298480430055 0.9786372120269511
0.863212188162746 0.9727612770723291
0.8605135012171757 0.9669413799692328
0.8578337663700782 0.96117713003613
0.8551729629745686 0.9554681399489389
0.8525310698528185 0.949814024187086
0.8499080667191369 0.9442144020727126
0.8473039325733001 0.9386688943204946
0.8447186472658327 0.9331771263683031
0.8421521902305881 0.9277387256633682
0.8396045410314712 0.9223533228183654
0.8370756794051593 0.9170205516889514
0.8345655853925054 0.9117400496364523
0.832074238544193 0.9065114558461962
0.8296016191322305 0.901334413864342
0.8271477071707034 0.8962085695280968
0.8247124828861482 0.8911335719423539
0.8222959263312054 0.8861090726633991
0.8198980180456705 0.8811347270640368
0.8175187383593759 0.8762101928721431
0.8151580677518496 0.8713351309088315
0.8128159868420467 0.8665092050552068
0.8104924763718462 0.8617320822067032
0.8081875169359254 0.8570034317082216
0.8059010894801943 0.8523229263681094
0.8036331750033384 0.8476902418329368
0.8013837544441227 0.8431050563484792
0.7991528088223884 0.8385670510391168
0.7969403195950957 0.83407591061971
0.7947462677605762 0.8296313215654711
0.7925706347656258 0.8252329739451358
0.7904134020784692 0.8208805605428031
0.7882745512906894 0.8165737770543786
0.7861540639461644 0.8123123217335464
0.7840519217567492 0.8080958958167672
0.7819681065055639 0.8039242033185032
0.7799026000801705 0.7997969510880534
0.7778553844023188 0.795713848659592
0.7758264415902513 0.7916746085663808
0.7738157537221062 0.7876789458595284
0.7718233031050941 0.7837265786342913
0.7698490719891704 0.7798172274517028
0.7678930427517616 0.775950615696587
0.7659551978741649 0.7721264695210395
0.7640355199237507 0.768344517799902
0.7621339916341641 0.7646044922792332
0.7602505956742767 0.7609061271126354
0.7583853147732985 0.7572491590997115
0.7565381319475292 0.7536333281209759
0.7547090302253461 0.7500583765888107
0.7528979926668655 0.7465240494781145
0.7511050024893466 0.7430300945625032
0.7493300427992537 0.7395762618835975
0.7475730970409167 0.7361623046162493
0.745834148712472 0.7327879785056906
0.7441131812302608 0.7294530415968734
0.7424101782315695 0.7261572548136559
0.7407251233965877 0.7229003816047488
0.7390580005171973 0.7196821880686066
0.7374087934517245 0.7165024428576194
0.7357774861485263 0.7133609172154975
0.7341640626641637 0.7102573850039697
0.7325685071146223 0.7071916226007455
0.7309908038265345 0.7041634091818212
0.7294309368786885 0.701172525833583
0.7278888908929064 0.6982187570622405
0.7263646501108971 0.6953018890159024
0.7248581993329244 0.6924217112747493
0.7233695230217589 0.6895780151282831
0.7218986060459461 0.6867705949891312
0.7204454331131268 0.683999247302566
0.7190099892467705 0.6812637714488898
0.7175922593934796 0.6785639689867171
0.7161922286567179 0.6758996440912286
0.714809882190927 0.6732706033449598
0.7134452052780546 0.6706766558760471
0.7120981832477402 0.6681176131990916
0.7107688016651019 0.6655932895645762
0.7094570458375005 0.663103501015057
0.7081629015419763 0.6606480667592383
0.7068863544346393 0.6582268080435063
0.7056273903311976 0.6558395486774105
0.7043859949844749 0.6534861146047461
0.7031621545524355 0.651166334783934
0.7019558549015037 0.6488800398603938
0.7007670823572403 0.6466270635826947
0.6995958230469672 0.6444072415498057
0.6984420633132182 0.6422204119880108
0.6973057895426179 0.6400664154199234
0.6961869882892091 0.6379450948916945
0.6950856460300744 0.6358562955031111
0.6940017495439503 0.6337998651190693
0.6929352854934028 0.6317756535706849
0.6918862408170701 0.6297835133931082
0.6908546023691413 0.6278232991349346
0.6898403572579878 0.6258948679950032
0.6888434925468683 0.6239980792476021
0.6878639954866654 0.6221327946787494
0.6869018532961195 0.620298878161823
0.6859570534146942 0.6184961961331328
0.6850295832864458 0.6167246171741843
0.6841194304322817 0.6149840121431334
0.6832265825697522 0.6132742543982701
0.6823510274248235 0.6115952194324317
0.6814927527275128 0.6099467848577782
0.6806517465166858 0.6083288309855563
0.6798279966994685 0.6067412399742231
0.6790214914102655 0.60518389651389
0.6782322188394667 0.6036566874915841
0.6774601672374219 0.6021595019928829
0.676705324956987 0.6006922313786294
0.675967680439716 0.599254769252904
0.6752472222635094 0.5978470115509187
0.6745439389899948 0.5964688562355795
0.67385781938607 0.595120203725326
0.6731888522066225 0.5938009564633695
0.672537026391619 0.5925110192999505
0.6719023309051453 0.5912502991703656
0.6712847548178144 0.5900187052522443
0.6706842872841505 0.5888161489158676
0.6701009175630568 0.5876425437602997
0.6695346349876667 0.5864978055481547
0.6689854290417685 0.5853818523557681
0.6684532891474726 0.5842946041368804
0.66793820498443 0.5832359833670897
0.6674401662287632 0.5822059145078926
0.6669591626694878 0.5812043242393403
0.6664951841882568 0.5802311414144574
0.6660482207675552 0.5792862970724291
0.6656182624197027 0.5783697242832466
0.6652052993510364 0.5774813584923957
0.6648093217739411 0.5766211371168009
0.6644303200159556 0.5757889997724495
0.664068284491853 0.5749848882106374
0.6637232057285902 0.5742087463698884
0.6633950742934485 0.5734605202103149
0.6630838809014754 0.5727401579518832
0.6627896163120488 0.5720476098353631
0.6625122714125402 0.5713828283115583
0.6622518371439805 0.570745767862356
0.6620083045755603 0.570136385175896
0.6617816648479691 0.5695546390068476
0.6615719091646615 0.5690004901435799
0.661379028878839 0.5684739016333522
0.6612030153879885 0.5679748385026233
0.6610438601933318 0.5675032679085616
0.6609015548889715 0.5670591591083909
0.6607760911524878 0.5666424834255801
0.6606674607694123 0.566253214327965
0.6605756556029057 0.5658913273272859
0.6605006676003752 0.565556799984579
0.6604424888145218 0.5652496119960577
0.6604011113818742 0.5649697451039184
0.6603765275316786 0.5647171831364131
0.6603687295813732 0.5644919119666025
0.6603777099415398 0.5642939195492649
0.6604034611133702 0.5641231958984847
0.6604459756898348 0.5639797330862757
0.6605052463511079 0.5638635252504365
0.6605812658778643 0.563774568565167
0.6606740271285005 0.5637128612767088
0.6607835230639503 0.563678403666318
0.6609097467372587 0.563671198067474
0.6610526912803076 0.5636912488581354
0.6612123499194023 0.5637385624535982
0.6613887159904438 0.5638131473155732
0.6615817829007287 0.5639150139373976
0.6617915441504318 0.5640441748452585
0.6620179933400931 0.5642006446029104
0.6622611241697592 0.5643844398119353
0.6625209303893728 0.5645955790697523
0.6627974059020166 0.5648340830483987
0.6630905446589072 0.5650999744096858
0.663400340727766 0.565393277859445
0.6637267882094127 0.5657140200670354
0.6640698813984207 0.5660622298194706
0.6644296145920074 0.5664379378330251
0.664805982221468 0.5668411768809729
0.6651989788043111 0.5672719817446157
0.6656085989495816 0.5677303892168122
0.6660348373477117 0.5682164380885897
0.6664776887619092 0.5687301691364528
0.6669371481388797 0.569271625250718
0.6674132104051449 0.5698408511967599
0.6679058706442261 0.5704378938202073
0.6684151240295282 0.5710628019680091
0.6689409657801804 0.5717156264316952
0.669483391257859 0.5723964200650704
0.6700423958753914 0.5731052376699775
0.6706179751836235 0.5738421361042767
0.671210124822037 0.5746071742194161
0.6718188404732869 0.5754004127995658
0.6724441179437431 0.5762219146642069
0.6730859531298402 0.5770717446241922
0.6737443420764818 0.5779499695588908
0.6744192807860768 0.5788566581605847
0.675110765497969 0.5797918813065972
0.6758187924573019 0.5807557117494517
0.6765433580098668 0.5817482242426852
0.6772844586261395 0.5827694955738454
0.6780420908861218 0.5838196045441459
0.6788162513441447 0.5848986317796085
0.679606936826449 0.5860066601442369
0.6804141441209185 0.5871437743080823
0.6812378701185895 0.5883100609429244
0.6820781118722241 0.5895056088059412
0.6829348664701484 0.5907305085610297
0.6838081311663377 0.591984852963916
0.6846979031685756 0.5932687365580502
0.685604179870724 0.5945822560073846
0.6865269588171834 0.5959255100475063
0.6874662375509851 0.5972985992648532
0.6884220137282537 0.598701626262246
0.6893942850449005 0.6001346955513602
0.690383049494762 0.6015979139340835
0.6913883048730692 0.6030913897696242
0.6924100493793802 0.6046152338672688
0.6934482809857853 0.6061695585479683
0.69450299799204 0.6077544784714197
0.6955741988099888 0.6093701103173175
0.6966618816862513 0.6110165723657892
0.6977660452064782 0.6126939852582995
0.6988866879842208 0.6144024715297467
0.7000238087036322 0.6161421556727777
0.7011774061603093 0.6179131642006819
0.7023474792289072 0.6197156255986496
0.7035340268626578 0.6215496703234598
0.7047370481578656 0.6234154309041431
0.7059565423248978 0.6253130418989679
0.7071925085026536 0.6272426396067874
0.7084449462138465 0.6292043627781259
0.7097138547759323 0.6311983516964761
0.7109992337700488 0.6332247489122858
0.7123010827905245 0.6352836988516568
0.7136194016662242 0.6373753481672892
0.7149541901264127 0.6394998452106435
0.7163054481749003 0.6416573406267458
0.7176731757023869 0.6438479867382403
0.7190573729319676 0.6460719382585529
0.7204580400487992 0.6483293517015825
0.7218751772787317 0.6506203855072643
0.7233087851268283 0.6529452004292486
0.7247588640196153 0.6553039589583554
0.7262254145589749 0.6576968257348801
0.7277084372937053 0.6601239671779491
0.7292079332067458 0.6625855522847193
0.7307239029710799 0.6650817514136524
0.732256347687997 0.6676127374975112
0.7338052683609275 0.6701786851807294
0.7353706661036186 0.672779771163075
0.7369525421990113 0.6754161743004177
0.7385508980048069 0.6780880754506531
0.7401657349275248 0.6807956574318568
0.741797054591847 0.6835391053086015
0.74344485841002 0.6863186056699835
0.7451091483261759 0.6891343478853851
0.746789926054725 0.6919865228236461
0.7484871935310045 0.6948753236154679
0.7502009526344027 0.6978009451857847
0.7519312057167368 0.7007635851585547
0.7536779547152455 0.7037634423434775
0.7554412021893242 0.7068007185140779
0.7572209502715784 0.7098756166090632
0.7590172016281715 0.7129883423883077
0.7608299587974576 0.7161391032958433
0.7626592243652763 0.7193281087630345
0.7645050011687486 0.7225555705671742
0.766367292102037 0.7258217024974276
0.7682461000873161 0.7291267203057763
0.7701414282244246 0.7324708419728168
0.7720532796416684 0.7358542874486975
0.7739816576149557 0.7392772788663817
0.7759265653123792 0.7427400400908999
0.7778880064971776 0.746242797974483
0.7798659844681585 0.7497857804726706
0.7818605029289549 0.753369218196722
0.7838715657278317 0.7569933439559291
0.7858991764320471 0.7606583919920198
0.7879433391681431 0.7643645994982555
0.790004057925735 0.7681122053678409
0.7920813367320009 0.7719014505100286
0.7941751798555171 0.7757325782258149
0.796285591620125 0.7796058338737275
0.7984125764205293 0.7835214649013607
0.8005561387687873 0.7874797209346223
0.8027162831865605 0.7914808535824793
0.8048930144546781 0.7955251169029618
0.8070863374866193 0.7996127671758095
0.8092962568933401 0.803744062092965
0.8115227777741718 0.8079192622366957
0.8137659052501234 0.8121386302160198
0.8160256444782288 0.8164024306960309
0.8183020007426353 0.8207109305732283
0.8205949793306474 0.8250643987451924
0.8229045857637456 0.8294631065530158
0.8252308257494871 0.8339073276979452
0.8275737047432601 0.838397337407534
0.8299332285814232 0.8429334136489852
0.8323094031402656 0.8475158364837276
0.8347022344740126 0.8521448883379346
0.8371117282355919 0.8568208528840326
0.839537891042923 0.8615440176944196
0.8419807289818823 0.866314671344907
0.8444402481718346 0.8711331045101116
0.8469164554487356 0.8759996113111717
0.849409357055857 0.8809144867548351
0.8519189597170329 0.8858780288431842
0.8544452701179658 0.8908905375601521
0.8569882952788037 0.8959523156153755
0.8595480418478515 0.9010636670445642
0.8621245169796365 0.9062248989617483
0.8647177278161777 0.9114363205337472
0.8673276816333727 0.9166982432778288
0.8699543855208518 0.9220109804199748
0.8725978471519835 0.9273748484562527
0.8752580739369561 0.9327901654476436
0.8779350734824972 0.9382572519544095
0.8806288534542758 0.9437764307628256
0.883339421684118 0.9493480271105625
0.8860667861110771 0.9549723685732228
0.8888109547378835 0.9606497849804654
0.8915719357676055 0.9663806087050939
0.8943497370798781 0.9721651735801986
0.8971443672897802 0.9780038171068963
0.8999558346703918 0.9838968782202677
0.9027841476571696 0.9898446983430609
0.9056293148994617 0.995847621503142
0.9084913450885284 1.0019059939793271
0.9113702470538947 1.0080201645109206
0.9142660296416105 1.0141904840458773
0.917178701857031 1.020417306050315
0.9201082725515712 1.0267009858443732
0.9230547513486916 1.0330418825960326
0.9260181473422247 1.0394403565367885
0.9289984698658449 1.0458967706157938
0.9319957281851592 1.0524114898414743
0.935009932223477 1.0589848828678683
0.9380410915447931 1.0656173197929877
0.941089215810389 1.0723091731533678
0.9441543149624458 1.079060818336302
0.9472363992840764 1.0858726337266829
0.9503354781999892 1.092744998059298
0.9534515624877867 1.0996782953189599
0.9565846619793502 1.106672909654506
0.959734787455544 1.1137292295984293
0.9629019490460363 1.1208476445038968
0.9660861573361901 1.128028547024401
0.969287423103844 1.1352723325383334
0.972505757227351 1.1425793989511743
0.9757411702032814 1.1499501456027827
0.9789936735101001 1.1573849763791504
0.9822632776642704 1.1648842952883824
0.9855499942359177 1.1724485110741987
0.9888538343590699 1.1800780338151444
0.9921748092811427 1.187773276187139
0.9955129305781789 1.1955346539734606
0.9988682100578588 1.203362585855409
1.0022406588716546 1.2112574913439382
1.0056302890402335 1.2192197943470768
1.0090371122760455 1.2272499204292369
1.01246114080953 1.2353482987607345
1.0159023864540107 1.243515359920245
1.0193608616057486 1.2517515382680493
1.0228365782470106 1.2600572695880699
1.02632954891316 1.2684329933984682
1.0298397860432393 1.2768791514138464
1.0333673021752114 1.2853961880182467
1.0369121100136607 1.2939845504383438
1.0404742222428414 1.3026446882999503
1.0440536516714831 1.3113770539859027
1.0476504113285172 1.3201821028809535
1.0512645143005044 1.329060292986008
1.0548959737292019 1.3380120849195856
1.0585448028870612 1.347037942112312
1.0622110151441204 1.3561383307352948
1.0658946239794251 1.3653137197379737
1.0695956428879683 1.3745645806250129
1.0733140854332843 1.3838913875943648
1.0770499655214238 1.3932946182363075
1.080803297146824 1.4027747529107861
1.0845740938371822 1.412332273347241
1.0883623702359795 1.4219676666614633
1.0921681399202592 1.4316814198310404
1.0959914176259455 1.4414740253630094
1.0998322173984814 1.4513459765895638
1.1036905539971513 1.4612977712711457
1.1075664416874391 1.4713299085030318
1.1114598953344133 1.48144289154361
1.1153709296260488 1.4916372258193826
1.119299559504877 1.501913420053727
1.1232457999323784 1.5122719856648708
1.1272096659416873 1.5227134369117281
1.1311911724227741 1.5332382903342738
1.135190335277018 1.543847067820967
1.1392071694057864 1.554540291298009
1.1432416904689184 1.5653184873946184
1.1472939139750797 1.576182185041783
1.1513638556849481 1.5871319165579374
1.1554515311496427 1.5981682164187294
1.1595569566289103 1.6092916237454213
1.1636801476033685 1.6205026782927154
1.1678211209685827 1.6318019264151022
1.1719798921080224 1.643189913112212

