0.7647596094212769 -0.21944669805936737
0.7542173962529268 -0.22143714945076226
0.7436719199171243 -0.2234090244741397
0.7331293272489234 -0.22536170267330224
0.7225958822048204 -0.22729455968079076
0.712077962628334 -0.2292069674162583
0.7015820567889178 -0.23109829429199497
0.6911147596919134 -0.23296790542561063
0.680682769157128 -0.23481516285995135
0.6702928816642402 -0.23663942579026442
0.6599519879635576 -0.23844005079862282
0.6496670684505652 -0.2402163920956897
0.6394451883035581 -0.24196780176980726
0.6292934923849527 -0.2436936300432353
0.6192191999038275 -0.24539322553594525
0.6092295988424379 -0.24706593553654602
0.5993320401462916 -0.24871110628052928
0.5895339316789417 -0.2503280832358162
0.5798427319434161 -0.2519162113955292
0.5702659435725335 -0.2534748355779317
0.5608111065901848 -0.25500330073357247
0.551485791447631 -0.2565009522594289
0.5422975918370443 -0.257967136320207
0.5332541172879268 -0.25940120017648577
0.5243629855498447 -0.26080249251982207
0.515631814767719 -0.262170363814561
0.5070682154541863 -0.26350416664645093
0.4986797822672103 -0.26480325607766325
0.49047408559757993 -0.2660669900084518
0.48245866297569673 -0.2672947295450229
0.47464101030483924 -0.2684858393736147
0.4670285729295483 -0.269639688140636
0.4596287365485001 -0.27075564883868647
0.45244881798198805 -0.27183309919824555
0.4454960558041002 -0.27287142208490134
0.4387776008505282 -0.27387000590194094
0.4323005066139695 -0.2748282449980483
0.4260717195393339 -0.2757455400798955
0.42009806923137244 -0.2766212986294281
0.41438625858793293 -0.27745493532563203
0.4089428538731971 -0.27824587247047206
0.40377427474519256 -0.27899354041877195
0.3988867842527208 -0.27969737801175043
0.3942864788167301 -0.28035683301400816
0.3899792782134924 -0.28097136255348754
0.3859709155745315 -0.28154043356433467
0.3822669274217108 -0.2820635232321515
0.3788726437542879 -0.28254011944141105
0.3757931782060529 -0.28296972122466874
0.37303341829088893 -0.2833518392132202
0.37059801575572165 -0.2836859960888085
0.3684913770593702 -0.2839717270360826
0.3667176539972847 -0.2842085801953394
0.36528073449145937 -0.2843961171152042
0.36418423356557766 -0.284533913204822
0.3634314845254311 -0.28462155818515156
0.3630255303649918 -0.28465865653892114
0.36296911541840643 -0.28464482795882473
0.3632646772785224 -0.2845797077934953
0.3639143390023714 -0.28446294749080947
0.364919901624155 -0.2842942150380499
0.36628283699618197 -0.2840731953984519
0.36800428097803867 -0.2837995909436544
0.37008502699426515 -0.28347312188154933
0.37252551998027644 -0.2830935266790597
0.37532585073648556 -0.282660562479298
0.37848575070976803 -0.28217400551262134
0.38200458722118114 -0.28163365150107295
0.3858813591588433 -0.2810393160556229
0.39011469315336994 -0.28039083506577517
0.39470284025408325 -0.2796880650808877
0.39964367312202026 -0.27893088368279256
0.4049346837566424 -0.2781191898490584
0.410572981771176 -0.27725290430642796
0.4165552932315553 -0.27633196987382824
0.42287796007249084 -0.27535635179444407
0.42953694010370874 -0.274326038056277
0.4365278076178665 -0.27324103970069735
0.44384575461205006 -0.27210139111828185
0.4514855926311632 -0.2709071503316128
0.45944175524296155 -0.2696583992643245
0.46770830115201273 -0.2683552439958797
0.47627891795820215 -0.26699781500162983
0.48514692656526387 -0.26558626737754104
0.49430528624347936 -0.2641207810489674
0.5037466003467878 -0.26260156096326437
0.5134631226876745 -0.26102883726531856
0.5234467645670496 -0.2594028654558278
0.5336891024585377 -0.2577239265315809
0.5441813863418485 -0.2559923271075204
0.554914548681832 -0.25420839951981594
0.565879214045188 -0.25237250190968247
0.5770657093463263 -0.2504850182875181
0.5884640747133482 -0.24854635857676158
0.6000640749619846 -0.24655695863713772
0.611855211663374 -0.2445172802670375
0.6238267357925174 -0.24242781118435297
0.635967660939996 -0.24028906498555083
0.6482667770675 -0.23810158108287138
0.6607126647900294 -0.23586592461887443
0.6732937101619333 -0.2335826863582852
0.6859981199430503 -0.23125248255701755
0.6988139373231597 -0.22887595480763984
0.7117290580753641 -0.22645376986167928
0.7247312471139888 -0.2239866194280191
0.7378081554270319 -0.22147521994741737
0.750947337352116 -0.21892031234317097
0.7641362681664866 -0.21632266174741976
0.7773623619562298 -0.21368305720340508
0.790612989732419 -0.21100231134331732
0.8038754977582898 -0.2082812600418818
0.8171372260520939 -0.20552076204555667
0.8303855270278078 -0.20272169857756053
0.8436077842373632 -0.1998849729184988
0.8567914311739268 -0.19701150996309708
0.8699239700987487 -0.19410225575282122
0.8829929908506613 -0.191158176984808
0.8959861895992469 -0.1881802604970466
0.9088913874991539 -0.18516951273050297
0.9216965492073423 -0.18212695916789326
0.9343898012196048 -0.17905364375006477
0.9469594499881836 -0.17595062826971306
0.9593939997768579 -0.1728189917435193
0.9716821702161276 -0.1696598297623809
0.9838129135149247 -0.1664742538210587
0.9957754312928392 -0.1632633906268347
1.007559190989402 -0.16002838138887981
1.0191539418168314 -0.15677038108769506
1.0305497302152506 -0.15349055772619077
1.0417369147752455 -0.15019009156273977
1.052706180592605 -0.1468701743268534
1.0634485530203979 -0.14353200841844413
1.0739554107859872 -0.14017680609136357
1.0842184984420962 -0.13680578862189915
1.0942299381208076 -0.1334201854635352
1.103982240563699 -0.13002123338848956
1.1134683154019607 -0.12661017561688706
1.1226814806600343 -0.12318826093526836
1.131615471462966 -0.11975674280453495
1.1402644479254058 -0.11631687845895108
1.14862300220439 -0.11286992799715218
1.1566861646996596 -0.1094171534663673
1.1644494093885316 -0.10595981794066694
1.1719086582826905 -0.10249918459490719
1.179060284999002 -0.09903651577508611
1.1859011174365954 -0.0955730720668527
1.192428439557419 -0.09211011136278432
1.1986399922670417 -0.08864888793047702
1.2045339733980285 -0.08519065148201657
1.2101090367985092 -0.08173664624649718
1.2153642905315143 -0.07828811004715425
1.220299294194343 -0.07484627338395766
1.2249140553684779 -0.07141235852320121
1.2292090252128656 -0.06798757859587037
1.2331850932174206 -0.06457313670539766
1.2368435811338374 -0.06117022504695998
1.2401862361049256 -0.05778002403915529
1.243215223014833 -0.0544037014696992
1.245933116085095 -0.05104241165652045
1.2483428897435325 -0.047697294625617455
1.2504479087950253 -0.0443694753070059
1.252251917925084 -0.04106006275002901
1.2537590305686468 -0.037770149359806944
1.2549737171788529 -0.034500810155565345
1.2559007929314099 -0.031253102052633444
1.2565454049020426 -0.028028063169221958
1.2569130187556645 -0.024826712159249982
1.257009404987056 -0.02165004757241561
1.256840624753852 -0.018499047242939787
1.256413015343576 -0.015374667708021164
1.255733175317081 -0.012277843656994799
1.25480794937137 -0.009209487412619385
1.2536444129651954 -0.006170488445404493
1.2522498567510552 -0.003161712922008336
1.2506317708571464 -0.0001840032884075443
1.2487978290632282 0.0027618221105421615
1.2467558729135608 0.005674969374964783
1.244513895809903 0.008554669356320845
1.2420800271274113 0.011400177925061069
1.239462516394861 0.014210776199469964
1.2366697175804744 0.016985770734648898
1.2337100735232014 0.019724493671307495
1.2305921005483633 0.022426302843827035
1.2273243733053216 0.025090581847161942
1.223915509863442 0.027716740062233198
1.2203741571011664 0.030304212639520135
1.216708976421228 0.03285246044076057
1.212928629823337 0.03536096993869844
1.2090417663645188 0.03782925307447944
1.20505700903384 0.0402568470734054
1.2009829420682183 0.04264331421853317
1.1968280987322384 0.04498824158282
1.1926009495837837 0.04729124071993577
1.1883098912447678 0.04955194731418096
1.183963235694016 0.051770020790027634
1.1795692000970586 0.05394514388190338
1.1751358971854835 0.056077022164832714
1.1706713261957364 0.0581653835468639
1.1661833643758057 0.06020997772387776
1.1616797590646974 0.06221057559805285
1.1571681203482485 0.06416696866088227
1.1526559142924984 0.06607896834177472
1.1481504567528273 0.0679464053236892
1.1436589077553512 0.06976912882709954
1.1391882664454727 0.07154700586344812
1.1347453665950462 0.07327992045988133
1.1303368726586622 0.07496777285667515
1.125969276366844 0.07661047867913674
1.1216488938428342 0.0782079680855338
1.1173818632267447 0.07976018489309152
1.113174142790174 0.08126708568375816
1.1090315095216567 0.0827286388919153
1.1049595581629656 0.08414482387583111
1.1009637006735133 0.08551562997519435
1.0970491661000548 0.08684105555666273
1.0932210008263283 0.08812110704987772
1.0894840691770338 0.08935579797613286
1.0858430543496675 0.09054514797189574
1.0823024596456579 0.09168918180981366
1.078866609972728 0.09278792841944593
1.0755396535890551 0.09384141991023194
1.0723255640594043 0.09484969059917545
1.0692281423928907 0.09581277604578135
1.0662510193316468 0.09673071209681391
1.0633976577600013 0.09760353394329598
1.0606713552025748 0.09843127519252416
1.0580752463809127 0.0992139669575081
1.055612305797767 0.09995163696644345
1.0532853503183353 0.1006443086948366
1.0510970417184424 0.10129200052278829
1.0490498891700009 0.10189472491996725
1.0471462516346255 0.10245248766078772
1.0453883401369155 0.10296528707229262
1.0437782198899455 0.10343311331713559
1.042317812246029 0.10385594771412428
1.0410088964474726 0.10423376209854592
1.0398531111521314 0.10456651822473408
1.0388519557109273 0.10485416721294068
1.0380067911748918 0.10509664904276729
1.0373188410112353 0.10529389209518104
1.0367891915091716 0.10544581274513112
1.0364187918578747 0.10555231500668079
1.0362084538807401 0.10561329023243947
1.0361588514117415 0.10562861686902483
1.036270519301586 0.10559816027016196
1.0365438520433878 0.10552177256889708
1.0369791020095143 0.10539929261031257
1.0375763772934232 0.10523054594599475
1.0383356391525358 0.10501534489136914
1.039256699050405 0.10475348864690398
1.0403392152988107 0.10444476348403962
1.0415826893029352 0.1040889429965309
1.0429864614150917 0.10368578841779731
1.0445497064051645 0.10323504900468553
1.0462714285585453 0.10273646248789971
1.0481504564149953 0.1021897555892023
1.0501854371644441 0.10159464460537469
1.0523748307189948 0.10095083605862204
1.0547169034823578 0.10025802741318991
1.0572097218418395 0.09951590785748345
1.0598511454098567 0.09872415915110756
1.0626388200455117 0.09788245653587126
1.0655701706893153 0.09699046970972182
1.068642394046979 0.09604786386241072
1.071852451161227 0.09505430077145968
1.0751970599130738 0.09400943995691922
1.0786726874971413 0.09291293989311679
1.0822755429177326 0.0917644592755936
1.0860015695553953 0.09056365834112586
1.0898464378561943 0.08931020023856281
1.0938055381976182 0.08800375244826578
1.0978739739887104 0.08664398824731183
1.102046555061782 0.0852305882182246
1.1063177914177753 0.08376324179792397
1.1106818873866167 0.08224164886424794
1.115132736266882 0.08066552135675882
1.1196639155093977 0.07903458492874817
1.1242686825115604 0.07734858062681668
1.1289399710884633 0.07560726659478689
1.1336703886884167 0.07381041979822256
1.1384522144204878 0.0719578377657369
1.143277397960588 0.0700493403435117
1.1481375594032464 0.06808477145892201
1.1530239901247452 0.06606400088926943
1.15792765472157 0.06398692603173152
1.1628391940873881 0.061853473670183595
1.167748929688974 0.059663601734762026
1.1726468690988046 0.05741730105008491
1.1775227128401302 0.05511459706755372
1.1823658625958313 0.052755551577611685
1.18716543082887 0.050340264397705045
1.1919102518586353 0.047868875031313665
1.1965888944315497 0.04534156429402175
1.2011896758202099 0.04275855590211663
1.205700677479331 0.04012011801944634
1.2101097622808212 0.03742656475829815
1.2144045933442011 0.03467825762995917
1.2185726544712847 0.031875606941004164
1.222601272187779 0.029019073130905043
1.2264776393860424 0.026109168047229847
1.2301888405565018 0.023146456154090906
1.2337218785859285 0.020131555670477634
1.23706370309371 0.017065139634317345
1.2402012402679246 0.013947936888773613
1.2431214241544517 0.01078073298735997
1.245811229343703 0.007564371014386939
1.2482577049904238 0.004299752317552474
1.2504480100930473 0.0009878371496288313
1.2523694499500717 -0.0023703547836103206
1.2540095137020864 -0.005773743872055329
1.2553559128591092 -0.009221190249081537
1.2563966207041237 -0.012711493540576829
1.2571199124555632 -0.01624339271778254
1.2575144060629155 -0.019815566055664525
1.2575691035019119 -0.023426631198250558
1.2572734324283692 -0.027075145333238317
1.256617288042431 -0.03075960547648454
1.255591075008705 -0.03447844886741495
1.2541857492715147 -0.038230053476888244
1.2523928595992604 -0.04201273862739221
1.2502045886871251 -0.04582476572614482
1.247613793643085 -0.049664339111509734
1.2446140456793098 -0.05352960701208023
1.2411996688280316 -0.057418662618533504
1.2373657774999072 -0.06132954526710775
1.2331083127011708 -0.0652602417345074
1.2284240767272079 -0.06920868764230992
1.2233107661500136 -0.07317276897008475
1.2177670029194967 -0.07715032367546366
1.2117923634020167 -0.0811391434189068
1.2053874051820177 -0.08513697539171125
1.1985536914592896 -0.0891415242442339
1.1912938128787953 -0.09315045411213708
1.183611406637575 -0.0971613907376777
1.1755111727203942 -0.10117192368319915
1.1669988871260815 -0.1051796086329602
1.1580814119534983 -0.10918196978059283
1.1487667022293622 -0.1131765022978384
1.1390638093692362 -0.11716067488113956
1.1289828811775084 -0.12113193237141129
1.1185351583019176 -0.12508769844349027
1.10773296707534 -0.12902537836008604
1.0965897086892786 -0.13294236178596755
1.0851198446590986 -0.13683602565760392
1.0733388785567601 -0.1407037371032081
1.0612633340017688 -0.1445428564082755
1.048910728918016 -0.14835074002128756
1.036299546079817 -0.15212474359439113
1.0234491999870836 -0.15586222505371314
1.0103800001270888 -0.1595605476936298
0.9971131106952176 -0.16321708328973772
0.9836705068659349 -0.16682921522454872
0.9700749277186966 -0.17039434162069836
0.9563498259431014 -0.17390987847546102
0.94251931445932 -0.17737326279142704
0.9286081101099114 -0.18078195569693056
0.9146414745883575 -0.18413344555124944
0.9006451527890826 -0.18742525102826194
0.8866453087732669 -0.19065492417325622
0.8726684595600399 -0.19382005342698408
0.8587414069616772 -0.1969182666117495
0.8448911676959355 -0.19994723387354257
0.8311449020142239 -0.20290467057528686
0.8175298410963856 -0.20578834013560307
0.8040732134697426 -0.2085960568077901
0.7908021707147255 -0.21132568839421823
0.777743712727365 -0.21397515889088387
0.7649246128103584 -0.21654245105755582
0.7523713428698933 -0.21902560890853148
0.7401099989932169 -0.2214227401199157
0.7281662276868672 -0.22373201834854256
0.7165651530476952 -0.22595168545914335
0.7053313051446392 -0.22808005365491335
0.6944885498764154 -0.2301155075085771
0.6840600205725423 -0.23205650588982346
0.6740680515940354 -0.23390158378610149
0.66453411418427 -0.23564935401363882
0.6554787548123829 -0.23729850881564812
0.6469215362390619 -0.23884782134538607
0.6388809815259738 -0.24029614703150814
0.6313745211971751 -0.24164242482355403
0.624418443746229 -0.242885678315917
0.6180278496717022 -0.24402501674836957
0.6122166092052316 -0.24505963588212665
0.6069973238849113 -0.24598881874994305
0.6023812921055276 -0.24681193627988518
0.5983784787657036 -0.24752844779172326
0.594997489109834 -0.24813790136601338
0.59224554684863 -0.24863993408555152
0.5901284766216472 -0.24903427214957188
0.5886506908483458 -0.2493207308610738
0.5878151809954085 -0.24949921448800366
0.5876235132696144 -0.24956971599929179
0.5880758287276246 -0.24953231667693299
0.5891708477757376 -0.24938718560559195
0.5909058790150574 -0.24913457904141798
0.5932768323699646 -0.24877483966200947
0.5962782364208935 -0.2483083956996815
0.5999032598458918 -0.24773575996042208
0.604143736859954 -0.24705752873108122
0.6089901965251032 -0.2462743805776783
0.6144318957911767 -0.24538707503769489
0.6204568561123771 -0.2443964512096159
0.6270519034727513 -0.24330342624303772
0.6342027116419259 -0.242108993732841
0.6418938484710606 -0.24081422202118374
0.6501088250307185 -0.23942025241097123
0.6588301473809188 -0.23792829729505555
0.6680393707598788 -0.23633963820489676
0.6777171559676451 -0.2346556237831724
0.6878433277178903 -0.23287766768451307
0.6983969347253207 -0.2310072464089019
0.7093563112956291 -0.22904589707189865
0.7206991401779566 -0.22699521511679074
0.7324025164454606 -0.2248568519726795
0.7444430121634782 -0.22263251266367198
0.7567967416105021 -0.2203239533735905
0.7694394268171252 -0.2179329789710585
0.7823464631925787 -0.21546144049962243
0.7954929850119083 -0.2129112326377299
0.8088539305423597 -0.21028429113331784
0.8224041065942969 -0.20758259021761086
0.836118252287231 -0.20480814000302144
0.8499711018314653 -0.20196298386955946
0.8639374461321283 -0.19904919584452457
0.8779921930315834 -0.19606887798017794
0.8921104260195917 -0.19302415773322382
0.906267461242718 -0.18991718535154575
0.9204389026654043 -0.18675013127137793
0.9346006952366603 -0.1835251835300142
0.9487291759342056 -0.180244545197655
0.9628011225666016 -0.17691043183250058
0.976793800225396 -0.1735250689631786
0.9906850052931611 -0.17009068960202858
1.0044531069241973 -0.16660953179288468
1.0180770859266346 -0.1630838361968851
1.0315365709857622 -0.15951584371993915
1.0448118721843611 -0.15590779318427878
1.0578840117809793 -0.1522619190480606
1.070734752224239 -0.14858044917539143
1.0833466213910046 -0.14486560265932516
1.0957029350444556 -0.14111958770101335
1.1077878165228492 -0.13734459954685838
1.1195862136773203 -0.13354281848607283
1.1310839130869244 -0.12971640791089684
1.1422675515901213 -0.12586751244101424
1.1531246251788148 -0.12199825611412879
1.1636434953098593 -0.11811074064437667
1.17381339269848 -0.1142070437494293
1.1836244186617113 -0.11028921754824687
1.1930675440907266 -0.10635928702978664
1.2021346061334242 -0.10241924859411919
1.2108183026765011 -0.09847106866636571
1.2191121847203017 -0.09451668238399218
1.2270106467437358 -0.09055799235799918
1.2345089151605522 -0.08659686750831261
1.2416030349721736 -0.08263514197312412
1.2482898547237506 -0.07867461409231352
1.2545670098722506 -0.07471704546496336
1.2604329046780083 -0.07076416008018512
1.2658866927308232 -0.0668176435210592
1.2709282562227677 -0.0628791422410547
1.2755581840800179 -0.058950262911995524
1.2797777490649582 -0.05503257184293488
1.283588883959338 -0.05112759446888135
1.2869941569378558 -0.04723681490820175
1.2899967462396333 -0.04336167558756888
1.2926004142429401 -0.039503576933289326
1.2948094810463728 -0.03566387712742728
1.296628797656653 -0.03184389192730854
1.2980637188802242 -0.028044894546938617
1.2991200760125845 -0.024268115598823362
1.299804149415956 -0.020514743093976905
1.3001226410717104 -0.016785922499167043
1.3000826471906253 -0.013082756848863248
1.299691630959611 -0.00940630691041232
1.2989573954996252 -0.005757591400608014
1.2978880571051716 -0.002137587251464709
1.2964920188313716 0.0014527700768320758
1.294777944490562 0.005012586237137379
1.2927547331153642 0.0085410075938795
1.2904314939418111 0.012037220779443738
1.2878175219603447 0.015500452212079607
1.2849222740796173 0.018929967576032446
1.281755345942625 0.022325071266745152
1.2783264494312705 0.02568510580269902
1.2746453908907016 0.02900945120628284
1.270722050101277 0.03229752435543303
1.266566360021756 0.03554877830816779
1.2621882873235764 0.03876270160200945
1.2575978137327946 0.0419388175300062
1.2528049181919816 0.04507668339561616
1.2478195598515511 0.04817588974821027
1.242651661897143 0.0512360596007519
1.2373110962155345 0.054256847631876305
1.2318076688994923 0.057237939373967366
1.2261511065893504 0.060179050388787916
1.2203510436457374 0.06307992543261418
1.2144170101462297 0.06594033761234058
1.208358420696348 0.06876008753407899
1.2021845640429254 0.0715390024458815
1.195904593476185 0.07427693537604914
1.18952751800529 0.07697376426837173
1.1830621942904682 0.07962939111564275
1.1765173193131857 0.08224374109282359
1.1699014237647591 0.08481676169109285
1.1632228661329218 0.08734842185387318
1.1564898274643152 0.08983871111609885
1.149710306780898 0.09228763874760139
1.1428921171264919 0.0946952329018441
1.136042882220058 0.09706153977081718
1.1291700336915174 0.09938662274698416
1.1222808088750356 0.10167056159329725
1.1153822491359826 0.10391345162172745
1.108481198705523 0.10611540288142456
1.1015843039987263 0.10827653935690051
1.0946980133908935 0.11039699817699976
1.0878285774276066 0.11247692883514424
1.0809820494435654 0.11451649242149822
1.0741642865665484 0.11651586086734228
1.0673809510819783 0.11847521620226573
1.0606375121350886 0.12039474982440322
1.0539392477470773 0.12227466178421037
1.0472912471235278 0.12411516008182766
1.0406984132319024 0.12591645997861275
1.0341654656279375 0.12767878332268998
1.0276969435090326 0.1294023578889827
1.0212972089749623 0.13108741673370816
1.0149704504762518 0.13273419756345886
1.008720686431281 0.1343429421189434
1.0025517689936867 0.13591389557347142
0.9964673879529053 0.1374473059460869
0.9904710747503519 0.1389434235294905
0.9845662065961489 0.14040250033242918
0.9787560106693591 0.1418247895368738
0.9730435683886275 0.14321054496946317
0.9674318197374845 0.14456002058750314
0.9619235676321997 0.1458734699790553
0.956521482318655 0.14715114587714523
0.9512281057860341 0.1483932996879323
0.9460458561862525 0.14960018103255213
0.940977032247642 0.15077203730257388
0.936023817673318 0.1519091132286916
0.9311882855135649 0.15301165046264928
0.9264724025038285 0.1540798871719952
0.9218780333591254 0.15511405764755973
0.9174069450171756 0.15611439192331744
0.9130608108222429 0.15708111540847816
0.9088412146424387 0.15801444853157448
0.904749654914221 0.15891460639619845
0.9007875486075121 0.1597817984481993
0.896956235105058 0.16061622815419965
0.8932569799915469 0.1614180926909535
0.8896909787461394 0.1621875826455606
0.8862593603344067 0.16292488172611394
0.8829631906948865 0.16363016648260117
0.8798034761157307 0.1643036060378901
0.8767811664979189 0.16494536182847738
0.8738971585009796 0.16555558735485168
0.8711522985678929 0.16613442794122382
0.8685473858257395 0.16668202050445083
0.8660831748590216 0.1671984933319513
0.8637603783530179 0.1676839658683658
0.8615796696035577 0.16813854851095977
0.8595416848917088 0.16856234241336548
0.8576470257198516 0.16895543929771648
0.855896260907163 0.16931792127493825
0.8542899285421652 0.16964986067306614
0.8528285377898824 0.1699513198735118
0.8515125705514714 0.17022235115515932
0.8503424829742244 0.17046299654618816
0.8493187068097142 0.17067328768356863
0.8484416506179612 0.17085324568017313
0.8477117008155385 0.17100288099945588
0.8471292225656737 0.17112219333764386
0.8466945605079222 0.1712111715134935
0.8464080393256416 0.17126979336555134
0.8462699641489825 0.17129802565697322
0.8462806207912316 0.17129582398794777
0.8464402758164108 0.17126313271576618
0.8467491764359678 0.17119988488260965
0.8472075502321873 0.17110600215117805
0.8478156047062284 0.17098139474824228
0.8485735266484478 0.1708259614162645
0.8494814813286178 0.170639589373256
0.8505396115038416 0.17042215428101784
0.8517480362416946 0.1701735202219821
0.8531068495562147 0.16989353968486862
0.854616118854484 0.16958205355937045
0.8562758831911811 0.16923889114017407
0.8580861513290529 0.16886387014053003
0.8600468996025359 0.16845679671576386
0.8621580695825216 0.1680174654969893
0.864419565539968 0.16754565963537987
0.8668312517057631 0.16704115085745372
0.8693929493254814 0.16650369953161104
0.8721044335059538 0.16593305474656825
0.8749654298527334 0.16532895440193268
0.877975610896165 0.16469112531150507
0.8811345923044736 0.16401928331981186
0.8844419288828281 0.1633131334323236
0.8878971103569119 0.1625723699599814
0.8914995569402626 0.16179667667858086
0.8952486146851282 0.1609857270035511
0.8991435506156622 0.16013918418096387
0.9031835476452562 0.15925670149507687
0.9073676992769244 0.15833792249345388
0.9116950040888748 0.15738248123013993
0.916164360006782 0.15639000252763796
0.9207745583644478 0.15536010225855149
0.9255242777562402 0.15429238764754452
0.9304120776847594 0.1531864575944324
0.935436392007646 0.1520419030193038
0.9405955221891743 0.15085830723039295
0.9458876303619868 0.1496352463157041
0.9513107322070224 0.14837228955901036
0.9568626896579722 0.14706899988149943
0.9625412034414407 0.14572493430948644
0.9683438054607129 0.14433964446966566
0.9742678510367979 0.14291267711232974
0.9803105110186111 0.1414435746637281
0.9864687637762893 0.13993187580858288
0.9927393870941745 0.13837711610353592
0.9991189499805193 0.13677882862255306
1.0056038044129543 0.13513654463524255
1.0121900770404215 0.13344979431906073
1.018873660864793 0.13171810750620028
1.0256502069260702 0.12994101446626152
1.0325151160181907 0.12811804672551036
1.039463530464233 0.1262487379235817
1.046490325981473 0.12433262470860429
1.0535901036700634 0.12236924767140135
1.060757182159931 0.12035815231979208
1.0679855899544985 0.11829889009353349
1.07526905801116 0.11619101942069884
1.0826010126009409 0.11403410681623688
1.0899745684932802 0.11182772802312044
1.097382522512851 0.10957146919687978
1.104817347519742 0.10726492813371653
1.112271186865188 0.1049077155428165
1.1197358493787588 0.10249945636306336
1.1272028049449414 0.10003979112441762
1.134663180729926 0.09752837735401214
1.1421077581211279 0.09496489102715162
1.1495269704455522 0.09234902806289598
1.1569109015340047 0.08968050586424213
1.1642492852012973 0.08695906490247084
1.1715315057145514 0.08418447034508303
1.1787465993225417 0.08135651372698123
1.185883256922329 0.0784750146637768
1.1929298279388827 0.07553982260667874
1.1998743254963773 0.07255081863754866
1.2067044329593144 0.06950791730306173
1.2134075119229228 0.06641106848642461
1.2199706117319562 0.06326025931511711
1.2263804806073961 0.06005551610263808
1.2326235784589494 0.056796906322470114
1.238686091461187 0.05348454061173844
1.2445539484683734 0.050118574802382354
1.2502128393420187 0.0466992119768167
1.255648235261147 0.04322670454549921
1.2608454110829261 0.03970135634300009
1.2657894698165777 0.036123524739288634
1.2704653692691856 0.03249362276239578
1.2748579509155107 0.028812121229105897
1.278951971039576 0.025079550878650016
1.2827321341864453 0.02129650450580783
1.286183128956354 0.017463639088399895
1.2892896661642221 0.013581677904070917
1.2920365193773478 0.00965141263176007
1.294408567834762 0.0056737054317213065
1.296390841739176 0.0016494909991056849
1.2979685699012677 -0.0024202214156654397
1.2991272297017278 -0.00653434602468845
1.2998525993238008 -0.01069171856638115
1.30013081219288 -0.014891094421029323
1.2999484135446449 -0.019131146784920935
1.2992924190265254 -0.02341046491085283
1.2981503752197139 -0.027727552421683625
1.2965104219510155 -0.03208082570464703
1.2943613562448766 -0.036468612394310485
1.2916926977467897 -0.04088914995154297
1.2884947554288726 -0.04534058434722198
1.2847586953688281 -0.04982096885792782
1.2804766093718063 -0.05432826298280436
1.2756415841848845 -0.05886033148911292
1.2702477710318756 -0.06341494359551249
1.2642904551758865 -0.06798977230123553
1.2577661251962038 -0.07258239386960409
1.250672541645108 -0.07719028747470996
1.2430088047314625 -0.08181083501921503
1.2347754206573276 -0.08644132113219605
1.2259743662167635 -0.0910789333550004
1.2166091512483532 -0.09572076252332351
1.2066848785164626 -0.10036380335383079
1.1962083005834645 -0.10500495524265098
1.1851878732199936 -0.10964102328406516
1.1736338048927277 -0.11426871951596293
1.161558101857712 -0.11888466439971612
1.1489746083829968 -0.12348538854090227
1.1358990416192394 -0.12806733465757714
1.1223490206391336 -0.13262685980131014
1.1083440891649115 -0.1371602378372286
1.0939057315114646 -0.14166366218777107
1.079057381281443 -0.14613324884447443
1.0638244223607338 -0.15056503965176268
1.0482341817791399 -0.15495500586608338
1.0323159140216887 -0.15929905199301442
1.0161007764014351 -0.16359301990401767
0.9996217951312538 -0.16783269323434744
0.9829138217666877 -0.17201380206236158
0.9660134797283406 -0.17613202786988763
0.9489591006539222 -0.18018300878239776
0.9317906503755271 -0.18416234508692558
0.9145496443664528 -0.18806560502499797
0.897279052560138 -0.1918883308559255
0.8800231934952545 -0.1956260451863364
0.862827617806099 -0.1992742575599891
0.8457389811455357 -0.20282847130030066
0.8288049066890877 -0.2062841905985247
0.8120738374456872 -0.20963692783823165
0.7955948786731718 -0.21288221114599112
0.7794176307704243 -0.21601559215751898
0.7635920130993293 -0.21903265398674732
0.7481680792647376 -0.22192901938495743
0.7331958244627859 -0.2247003590754969
0.718724985587462 -0.22734240024854
0.7048048348601148 -0.22985093520003833
0.6914839678319684 -0.2322218300965369
0.6788100866762159 -0.23445103384819524
0.666829779766418 -0.2365345870700453
0.6555882986054606 -0.23846863111095767
0.6451293332326824 -0.2402494171292297
0.6354947873010643 -0.24187331519218278
0.6267245540691702 -0.24333682337671123
0.6188562946022189 -0.244636576846757
0.6119252195184197 -0.2457693568829259
0.6059638756500775 -0.24673209983886232
0.6010019390156951 -0.24752190599816853
0.5970660155144387 -0.24813604830530953
0.5941794507623135 -0.24857198094326122
0.5923621504854915 -0.24882734773033996
0.5916304128724252 -0.24889999030828958
0.5919967742617334 -0.24878795609341126
0.5934698695060148 -0.24848950596244024
0.5960543083046521 -0.2480031216447054
0.5997505687385974 -0.24732751279223752
0.6045549091695193 -0.24646162369953614
0.6104592995826754 -0.2454046396449993
0.6174513733588896 -0.24415599282634365
0.6255144003556555 -0.24271536786282624
0.6346272820622982 -0.24108270683751634
0.6447645694662726 -0.23925821385388538
0.6558965041356236 -0.23724235908118826
0.6679890828748283 -0.23503588226469466
0.6810041461614496 -0.23263979567750628
0.6948994904140153 -0.23005538649156304
0.7096290039726377 -0.2272842185475722
0.7251428265120954 -0.22432813350372818
0.7413875314278386 -0.22118925134598966
0.7583063305687188 -0.2178699702430364
0.7758393005127671 -0.21437296573145107
0.793923629410022 -0.21070118921850317
0.8124938832508393 -0.20685786579103085
0.8314822902453725 -0.20284649132246121
0.8508190418502473 -0.19867082887021492
0.8704326088179886 -0.19433490435976764
0.8902500705102668 -0.1898430015522927
0.9101974555777483 -0.1851996562965929
0.9302000919951199 -0.18040965006735646
0.9501829643312047 -0.17547800279490489
0.9700710760449637 -0.17040996499378694
0.9897898145228028 -0.16521100920035714
1.0092653165164265 -0.15988682073183683
1.0284248315996398 -0.15444328778248723
1.0471970812455313 -0.14888649087440697
1.0655126111226312 -0.14322269168379007
1.0833041342289529 -0.1374583212660753
1.100506862525676 -0.13159996770521823
1.1170588247882667 -0.12565436321633167
1.1329011684781076 -0.11962837073215743
1.1479784435360711 -0.11352897000705028
1.162238866119176 -0.107363243274837
1.1756345604427094 -0.10113836049821412
1.188121777042746 -0.09486156425098947
1.1996610859489998 -0.08854015427559966
1.210217543443872 -0.08218147176087336
1.2197608312837245 -0.07579288338721703
1.2282653674717554 -0.06938176518746494
1.235710387891944 -0.06295548627414471
1.2420799983438817 -0.05652139248469435
1.2473631967517784 -0.05008678999837837
1.2515538655599494 -0.04365892897875386
1.254650734564475 -0.03724498729761789
1.2566573146686901 -0.030852054396306727
1.2575818032828536 -0.024487115341580507
1.2574369623158006 -0.018157035132731803
1.2562399699243862 -0.011868543317857666
1.2540122473947388 -0.005628218976584731
1.2507792627237762 0.0005575238742866861
1.2465703126496372 0.0066824503948979125
1.2414182850426254 0.012740518501010314
1.2353594037130788 0.018725891852247788
1.2284329578175244 0.024632952196277383
1.220681018147527 0.030456311017270154
1.212148142668037 0.036190820437776744
1.202881073729038 0.04183158332637399
1.1929284294109062 0.04737396256431573
1.1823403914734236 0.05281358942811777
1.1711683923677896 0.05814637104652522
1.1594648037332325 0.06336849689437
1.1472826287420932 0.06847644428836554
1.1346752005786804 0.073466982852537
1.1216958892321096 0.07833717792624989
1.1083978186651249 0.08308439289031755
1.0948335962832596 0.08770629039040756
1.0810550564721917 0.09220083244183401
1.0671130198023482 0.09656627940400463
1.0530570693211472 0.10080118781651877
1.0389353451611703 0.10490440709402185
1.024794358494896 0.10887507508143317
1.010678825664196 0.11271261247571725
0.9966315231062143 0.11641671612542037
0.9826931634924932 0.1199873512236853
0.9689022932920774 0.12342474241590681
0.9552952117725338 0.12672936384729663
0.9419059112566114 0.12990192818126364
0.9287660382686834 0.13294337462398303
0.9159048750295467 0.13585485599551717
0.9033493405961703 0.13863772489233503
0.8911240107918469 0.14129351899102416
0.8792511559365157 0.14382394554752564
0.8677507952690919 0.14623086515010736
0.856640766844825 0.14851627478947196
0.8459368116075672 0.15068229031236524
0.8356526702607735 0.15273112832981067
0.8258001915081721 0.1546650876541492
0.8163894501938674 0.1564865303427409
0.8074288738480992 0.15819786242909345
0.7989253761337665 0.1598015144251891
0.7908844956921578 0.1612999216812518
0.7833105389016811 0.1626955046913612
0.7762067250897229 0.1639906494351076
0.7695753327716768 0.1651876878472298
0.7634178455349435 0.16628887850816673
0.7577350962355519 0.16729638764910246
0.7525274082269392 0.16821227056581514
0.7477947324000455 0.1690384535351566
0.743536778870439 0.16977671632796953
0.739753142209207 0.1704286754111131
0.7364434191724875 0.17099576793011353
0.7336073179418563 0.1714792365622556
0.731244757943128 0.1718801153277524
0.7293559593630785 0.1721992164441475
0.7279415215333582 0.1724371183060571
0.7270024893966744 0.17259415466906816
0.7265404073148087 0.17267040511267842
0.7265573595188943 0.1726656868530879
0.7270559965432968 0.17257954797196004
0.7280395470243367 0.17241126212233243
0.7295118142863259 0.17215982476751215
0.7314771571812843 0.1718239510030736
0.7339404546965957 0.1714020750060679
0.7369070538988225 0.17089235114921011
0.740382700843791 0.1702926568111545
0.7443734541542271 0.16960059690711352
0.7488855810492201 0.16881351015691706
0.7539254357063236 0.16792847710018183
0.7594993199469576 0.16694232986090515
0.7656133263647276 0.16585166365578127
0.7722731641583294 0.16465285003313376
0.7794839680958436 0.16334205182099107
0.7872500912169047 0.16191523975510383
0.7955748820784396 0.16036821074979338
0.8044604475703591 0.15869660776599154
0.8139074025583811 0.15689594122363704
0.8239146078660572 0.15496161189692745
0.8344788983696736 0.15288893522364153
0.8455948032553121 0.15067316695207636
0.8572542607730469 0.14830953004120728
0.869446330106166 0.14579324272333127
0.8821569032657278 0.14311954763048584
0.8953684201994498 0.14028374188003634
0.9090595905790322 0.137281208008006
0.9232051259861251 0.1341074456330034
0.9377754864553176 0.13075810372758934
0.9527366455381304 0.12722901336954148
0.9680498782339446 0.12351622083937683
0.9836715762625033 0.11961602092803339
0.9995530952517397 0.11552499031300434
1.01564063844793 0.11124002085954918
1.0318751815436422 0.10675835269959742
1.048192443133232 0.10207760694067435
1.0645229051705516 0.09719581785296484
1.080791887576381 0.09211146438494792
1.0969196808644774 0.08682350085504252
1.1128217402849798 0.0813313866688658
1.1284089445467156 0.07563511491190139
1.1435879216633396 0.06973523966901819
1.1582614438746897 0.06363290192532939
1.1723288929328421 0.05732985390508624
1.1856867963086 0.050828481709034194
1.1982294340751254 0.04413182611587922
1.2098495153740276 0.03724360141709219
1.220438922462749 0.03016821216060246
1.229889519396624 0.02291076768526528
1.2380940214234093 0.015477094334492857
1.2449469201726366 0.007873745244245093
1.250345458716994 0.00010800761017326632
1.2541906495882207 -0.007812092655186891
1.2563883278498496 -0.015877788953360214
1.2568502303866342 -0.02407957478865132
1.2554950916756522 -0.032407207374032194
1.2522497454732924 -0.04084971410425487
1.247050221100245 -0.049395401934352844
1.2398428223492783 -0.058031869691028776
1.2305851764897777 -0.06674602333425163
1.2192472404150037 -0.0755240941735202
1.205812250683339 -0.08435166003240552
1.190277604057826 -0.09321366934193612
1.172655655150899 -0.10209446813429773
1.152974417957839 -0.11097782989234754
1.131278158399737 -0.11984698820156767
1.1076278655142295 -0.12868467213812954
1.082101589628425 -0.13747314431420338
1.0547946367191738 -0.14619424149065927
1.0258196092110023 -0.15482941765637329
0.995306284685409 -0.16335978946032073
0.963401325352979 -0.1717661838731244
0.930267812674066 -0.18002918794415235
0.8960846031936259 -0.1881292005091014
0.861045503459609 -0.1960464856932691
0.8253582638007484 -0.20376122804791943
0.7892433927502494 -0.21125358914652204
0.7529327959715058 -0.21850376546025002
0.7166682456566924 -0.22549204732527342
0.6806996885173322 -0.2321988788058001
0.6452834026130464 -0.23860491825241298
0.6106800153779124 -0.24469109934813277
0.5771523972417518 -0.250438692431545
0.544963447214398 -0.25582936588054184
0.5143737886377986 -0.2608452473389348
0.4856393950257986 -0.26546898456438256
0.45900916744782305 -0.2696838056752295
0.4347224862580218 -0.27347357857363946
0.41300676111116513 -0.2768228693215643
0.39407500409358753 -0.2797169992487157
0.37812345145043424 -0.2821421005718344
0.36532925974476704 -0.284085170309729
0.3558483023830186 -0.28553412227998937
0.34981309221650253 -0.2864778369699329
0.3473308554232835 -0.2869062090785565
0.3484817810521801 -0.2868101925331451
0.35331746948701115 -0.28618184279139114
0.3618596016665591 -0.28501435624773996
0.37409884918116215 -0.28330210657143834
0.3899940433715668 -0.2810406778135134
0.4094716193019317 -0.2782268941298349
0.43242534797908666 -0.274858845978503
0.45871636747207944 -0.27093591266148037
0.48817352067826314 -0.2664587810923583
0.5205940044105419 -0.26142946068495493
0.5557443312812254 -0.2558512942705293
0.5933616025606598 -0.24972896496559782
0.6331550868425273 -0.24306849892573715
0.674808095975509 -0.23587726393567898
0.7179801463760401 -0.22816396380029264
0.7623093905445029 -0.21993862851713447
0.8074153004327016 -0.21121260022475133
0.8529015812600158 -0.2019985149375348
0.8983592915154088 -0.19231028009299087
0.9433701422415475 -0.1821630479518529
0.9875099462989665 -0.17157318490800824
1.0303521862058151 -0.1605582367796109
1.0714716673589857 -0.14913689016713996
1.110448221983118 -0.13732892998121188
1.1468704280824886 -0.12515519325340266
1.180339306948333 -0.11263751936213186
1.2104719624797755 -0.0997986968153255
1.2369051256642207 -0.08666240674696386
1.2592985680708488 -0.0732531632964605
1.2773383491236971 -0.05959625105198377
1.2907398632368532 -0.0457176597501101
1.2992506546013862 -0.03164401643576689
1.3026529694998905 -0.017402515294052588
1.3007660184605905 -0.003020845378441925
1.2934479233368796 0.011472883535335427
1.2805973274676796 0.02605021673060053
1.2621546504143608 0.04068243172143773
1.2381029723418118 0.05534061656323485
1.2084685368708914 0.06999574904774107
1.1733208651445524 0.08461877652116893
1.132772477861566 0.09918069606393862
1.086978226105599 0.11365263476734941
1.0361342358812533 0.1280059298415571
0.9804764753180404 0.14221220828870115
0.9202789574573833 0.15624346587837734
0.8558515953833882 0.17007214516082111
0.7875377300961637 0.1836712122609138
0.715711354987116 0.19701423219462183
0.6407740639285948 0.21007544246016024
0.5631517528904508 0.2228298246578588
0.4832911075482883 0.23525317390002157
0.40165591152060837 0.24732216578284932
0.3187232116975353 0.2590144206975324
0.23497937852265297 0.270308565267582
0.15091610005016912 0.2811842907120129
0.06702634916124273 0.2916224079423728
-0.016199636569150078 0.3016048992134536
-0.09827832321001867 0.311114966161781
-0.1787367586183986 0.3201370740766682
-0.2571163231795033 0.3286569922626376
-0.33297631753547197 0.33666183036723574
-0.4058973536504293 0.34414007056029106
-0.47548451792105134 0.3510815954681964
-0.5413702776816887 0.3574777117789935
-0.6032171054445885 0.3633211694522491
-0.6607197984178254 0.3686061764809498
-0.7136074743063432 0.37332840917009097
-0.7616452280104635 0.3774850179109881
-0.8046354376123749 0.3810746284477702
-0.8424187118731529 0.3840973386468211
-0.8748744753673586 0.38655471079677317
-0.9019211912596946 0.3884497594812218
-0.923516225582885 0.38978693508276996
-0.9396553606107877 0.3905721029909952
-0.9503719685407309 0.3908125186022797
-0.9557358601329813 0.39051679821358637
-0.9558518261748128 0.38969488592604457
-0.9508578926083526 0.38835801668767034
-0.9409233128517431 0.38651867561741726
-0.9262463232211301 0.38419055376465117
-0.9070516894117594 0.3813885004703457
-0.8835880736882079 0.37812847250639253
-0.8561252537656393 0.37442748018018546
-0.8249512253179663 0.37030353060107246
-0.7903692206147279 0.36577556831315217
-0.7526946759885635 0.3608634135080346
-0.7122521806361082 0.35558769803652934
-0.6693724387103265 0.34996979944566975
-0.6243892757504159 0.34403177327238527
-0.5776367192417807 0.3377962838285387
-0.5294461815478129 0.3312865337169445
-0.4801437715958951 0.32452619231965174
-0.4300477595804371 0.3175393235007669
-0.3794662166144981 0.3103503127689279
-0.3286948486915927 0.3029837941409905
-0.27801504163755597 0.29546457695121003
-0.22769213087072895 0.28781757284477244
-0.17797390687618342 0.28006772319374607
-0.12908936431371112 0.2722399271690712
-0.08124769968421075 0.26435897069789066
-0.034637559498397835 0.25644945652938517
0.010573462019667995 0.24853573562745945
0.05423907949965437 0.24064184010037382
0.09623433376850316 0.23279141787090515
0.13645537903539534 0.22500766928164906
0.17481905135849832 0.2173132858211035
0.21126223200020036 0.20973039114772063
0.24574102123372615 0.20228048457724482
0.27822973985751354 0.1949843871902039
0.308719777130005 0.18786219070360244
0.33721830501245786 0.1809332092403294
0.3637468795106904 0.17421593411846267
0.38833995054075404 0.1677279917687948
0.4110433020813947 0.16148610487921214
0.4319124444622264 0.15550605684918753
0.45101098043439003 0.14980265962736247
0.46840896622796 0.14438972499054264
0.4841812881024238 0.1392800393108096
0.4984060739773283 0.1344853418440713
0.5111631585995269 0.1300163065604698
0.5225326193824582 0.12588252752466125
0.5325933985661562 0.12209250782136559
0.5414220257174662 0.11865365200879725
0.5490914528386457 0.11557226207134917
0.5556700125132338 0.11285353683008817
0.5612205076072412 0.11050157475872462
0.5657994390936409 0.10851938014149348
0.5694563766023839 0.10690887249857174
0.5722334743420889 0.10567089919415402
0.5741651331149795 0.1048052511331886
0.5752778072822465 0.10431068144251453
0.575589953746102 0.1041849270243188
0.575112118325136 0.10442473286095094
0.5738471533229978 0.1050258789428566
0.5717905586459016 0.10598320968430548
0.5689309375243561 0.1072906656852603
0.5652505567507526 0.10894131769183989
0.5607260003648185 0.11092740260292275
0.5553289049109869 0.11324036136598771
0.5490267637594026 0.11587087860140062
0.5417837875267927 0.11880892379124877
0.5335618073531588 0.12204379386687335
0.5243212076868765 0.12556415702660859
0.5140218752915109 0.12935809761515463
0.5026241514147716 0.1334131618947095
0.49008977443609497 0.13771640453896744
0.47638280083248097 0.1422544356811
0.4614704929519902 0.14701346834910223
0.44532416285568255 0.1519793661234739
0.42791996236247737 0.15713769085506088
0.4092396103967666 0.16247375028362512
0.38927104977391175 0.16797264540229137
0.36800902665875 0.17361931741625994
0.3454555870677815 0.17939859415004258
0.3216204859575766 0.18529523576124632
0.29652150561601787 0.19129397962580255
0.27018468125129935 0.19737958426478833
0.24264443283154213 0.2035368721894833
0.21394360335341764 0.20975077154844668
0.18413340480684043 0.21600635646639096
0.15327327412990452 0.22228888597252003
0.1214306424127497 0.22858384142348406
0.08868062149829739 0.23487696233401545
0.05510561294724409 0.24115428053411178
0.020794845037338333 0.2474021525831861
-0.014156155884784527 0.25360729037563406
-0.04964615286374088 0.25975678988309725
-0.08556883733405221 0.2658381579856481
-0.12181351205234495 0.27183933735235505
-0.1582658101208015 0.2777487293389676
-0.19480844213558346 0.2835552148801914
-0.23132196344126252 0.28924817335961356
-0.2676855535341288 0.29481749944962593
-0.30377779979021863 0.3002536179201945
-0.33947747792065064 0.3055474964235836
-0.37466432184405574 0.31069065626791675
-0.40921977603904536 0.31567518120067867
-0.4430277238606375 0.3204937242291851
-0.4759751857772698 0.32513951251056145
-0.507952982023015 0.3296063503518321
-0.5388563547044829 0.33388862036412065
-0.5685855450026067 0.3379812828219133
-0.5970463217138635 0.34187987328248315
-0.6241504580016307 0.3455804985256496
-0.6498161538552671 0.3490798308781367
-0.6739684023808016 0.3523751009907534
-0.696539298664293 0.35546408914020683
-0.7174682905488765 0.358345115130361
-0.7367023712468975 0.36101702687064413
-0.7541962142625913 0.36347918771191795
-0.7699122516153932 0.3657314626212698
-0.783820696848261 0.36777420328011634
-0.7958995147425323 0.3696082321900747
-0.8061343400686171 0.3712348258725238
-0.8145183480604106 0.37265569724819253
-0.821052079614472 0.37387297728321767
-0.8257432244824698 0.37488919598802134
-0.828606365944432 0.37570726285466854
-0.8296626906249659 0.37633044681773625
-0.8289396672414362 0.3767623558224854
-0.8264706981562552 0.37700691608264186
-0.8222947476459099 0.37706835110853554
-0.8164559507990286 0.37695116058423395
-0.8090032069165393 0.37666009917020493
-0.7999897612134559 0.37620015530552464
-0.78947277851563 0.3755765300811041
-0.7775129125067942 0.37479461625244886
-0.7641738739220719 0.3738599774576066
-0.7495220008965517 0.37277832770266256
-0.7336258344762294 0.37155551117402086
-0.7165557020750032 0.3701974824330469
-0.6983833114337485 0.36871028704549985
-0.679181357391311 0.3671000426942796
-0.6590231435306063 0.36537292082044576
-0.6379822205158103 0.36353512883411937
-0.6161320426776006 0.3615928929325222
-0.5935456441612601 0.35955244155926486
-0.5702953357068065 0.35741998953519755
-0.5464524228870465 0.35520172288691426
-0.5220869464120529 0.35290378439637066
-0.4972674448771009 0.3505322598902589
-0.47206074013727095 0.3480931652853749
-0.44653174529028483 0.34559243440195236
-0.4207432950762373 0.3430359075541193
-0.39475599833472624 0.34042932092295175
-0.3686281120145132 0.33777829671473647
-0.3424154360980806 0.3350883341040128
-0.3161712286854379 0.3323648009579429
-0.2899461403803145 0.3296129263357629
-0.26378816703900076 0.32683779375471544
-0.2377426198699767 0.32404433521121295
-0.21185211181547364 0.3212373259435229
-0.18615655910773754 0.31842137992046293
-0.16069319686120995 0.31560094603827876
-0.13549660754856474 0.3127803050063497
-0.11059876119964385 0.3099635669002292
-0.08602906617356731 0.3071546693596076
-0.061814429365955506 0.30435737640701704
-0.03797932473667598 0.3015752778618381
-0.014545869080835272 0.29881178932379354
0.008466096005292578 0.29607015269817416
0.03103891695706605 0.2933534372355745
0.053157036828241244 0.29066454105716627
0.0748069005275811 0.2880061931369344
0.0959768575499872 0.2853809557115339
0.11665706298563014 0.28279122708874604
0.13683937753648437 0.2802392448249209
0.1565172672091323 0.27772708924202294
0.17568570328739297 0.27525668725586955
0.19434106314091695 0.2728298164860324
0.21248103235687485 0.2704481096197224
0.23010450863393636 0.26811305900144117
0.24721150781812848 0.265826021421466
0.26380307241252704 0.2635882230763413
0.2798811828387724 0.26140076467588147
0.2954486716856842 0.2592646266714654
0.3105091411345423 0.25718067458150246
0.32506688370917464 0.25514966439094416
0.3391268064626989 0.253172248002463
0.3526943586768819 0.25124897871807067
0.36577546312010945 0.24938031673073527
0.3783764508782426 0.24756663460704548
0.39050399975229566 0.24580822274227956
0.40216507618822617 0.2441052947711539
0.41336688068975463 0.24245799291780412
0.4241167966436699 0.24086639327022802
0.43442234247620304 0.23933051096492014
0.4442911270435419 0.23785030526893836
0.4537308081511906 0.23642568454741694
0.46274905408937367 0.23505651110546258
0.47135350806482423 0.23374260589445095
0.47955175540319317 0.2324837530739526
0.48735129339820105 0.23127970442071255
0.494759503676788 0.2301301835778175
0.5017836269530452 0.22903489013746764
0.5084307400433461 0.22799350355177453
0.5147077350167886 0.2270056868668096
0.5206213003585465 0.22607109027574107
0.5261779040258675 0.22518935448779143
0.5313837782824484 0.22436011391009156
0.5362449061992054 0.2235829996404712
0.5407670097158819 0.22285764226956153
0.5449555391626686 0.222183674491197
0.5488156641465526 0.22156073352058597
0.5523522657121712 0.22098846332027142
0.5555699296934729 0.22046651663419656
0.5584729411777895 0.2199945568306592
0.5610652800095037 0.21957225955532766
0.5633506172667285 0.21919931419574334
0.5653323126495161 0.21887542515912803
0.5670134127240412 0.2186003129655354
0.5683966499726704 0.21837371515863777
0.5694844426046733 0.21819538703675043
0.5702788950882273 0.2180651022067938
0.5707817993687625 0.2179826529641917
0.5709946367438877 0.21794785050183588
0.5709185803697184 0.21796052495143262
0.5705544983780811 0.21802052526069038
0.5699029575882468 0.21812771890998658
0.5689642278011826 0.21828199147227442
0.5677382866684149 0.21848324602011687
0.5662248251310891 0.21873140238393207
0.564423253429142 0.2190263962655641
0.5623327076831812 0.21936817821156568
0.5599520570559333 0.2197567124505637
0.5572799115024439 0.2201919755993575
0.5543146301218496 0.22067395524243227
0.5510543301258624 0.2212026483897955
0.5474968964419648 0.22177805981815232
0.5436399919716783 0.22240020030059407
0.5394810685262664 0.22306908473016435
0.5350173784642195 0.22378473014282382
0.5302459870568141 0.2245471536454639
0.5251637856086779 0.22535637025492045
0.5197675053624777 0.22621239065394838
0.5140537322163887 0.22711521887050612
0.5080189222848257 0.22806484988667103
0.5016594183312699 0.22906126718397812
0.4949714671035579 0.23010444023187765
0.48795123759992776 0.23119432192642048
0.4805948402935814 0.23233084598637746
0.47289834734134595 0.23351392431427848
0.4648578138009054 0.2347434443298922
0.456469299876359 0.23601926628417344
0.4477288942126269 0.23734122056128115
0.4386327382497256 0.23870910497732115
0.42917705164903025 0.24012268208380305
0.41935815879565663 0.24158167648442014
0.40917251637637186 0.2430857721737758
0.3986167420266815 0.24463460990674823
0.38768764403270534 0.24622778460748113
0.37638225206826104 0.2478648428267556
0.36469784893737067 0.24954528025689815
0.3526320032850411 0.2512685393132484
0.3401826032302754 0.2530340067912063
0.3273478908648474 0.254841011607988
0.314126497551672 0.25668882263812814
0.30051747994612804 0.25857664665169844
0.2865203566523361 0.2605036263641774
0.27213514541560546 0.2624688386067228
0.2573624007403963 0.2644712926254936
0.24220325181106553 0.2665099285185353
0.22665944058101878 0.26858361581850315
0.21073335988537445 0.2706911522290795
0.19442809141708095 0.2728312625231195
0.1777474433991287 0.2750025976096837
0.16069598777022503 0.27720373377730845
0.14327909669358554 0.2794331721200832
0.12550297818545855 0.2816893381530563
0.1073747106539156 0.28397058162260636
0.08890227612338128 0.2862751765177433
0.07009459192206544 0.28860132128659877
0.05096154059116623 0.29094713926329097
0.031513997778686575 0.2933106793085873
0.011763857870826178 0.29568991666791444
-0.008275942887486759 0.29808275404947443
-0.028591406032225625 0.3004870229245498
-0.049167453530084115 0.30290048505156486
-0.06998791368643707 0.3053208342248063
-0.09103551055425342 0.30774569824789133
-0.11229185708376714 0.31017264113170834
-0.13373745224106975 0.3125991655154149
-0.15535168231911256 0.3150227153089651
-0.1771128266473892 0.317440678554316
-0.19899806789645824 0.319850390502195
-0.22098350715687773 0.3222491369005299
-0.2430441839508653 0.32463415748959273
-0.26515410132184036 0.32700264969896864
-0.2872862561156771 0.3293517725397623
-0.3094126745514048 0.3316786506856348
-0.33150445314986476 0.3339803787352203
-0.35353180505982323 0.3362540256476632
-0.3754641117967878 0.3384966393428881
-0.3972699803722821 0.34070525145686675
-0.41891730576890474 0.3428768822425139
-0.44037333867206657 0.34500854560507754
-0.46160475834751696 0.34709725426155785
-0.48257775051229446 0.3491400250124286
-0.5032580900108874 0.3511338841133494
-0.5236112280830748 0.3530758727350275
-0.5436023839630577 0.3549630524977723
-0.5631966405238096 0.3567925110677514
-0.5823590436464618 0.3585613678015432
-0.6010547049553848 0.3602667794246745
-0.6192489075386265 0.3619059457305408
-0.6369072142327304 0.3634761152848912
-0.6539955780337426 0.36497459112188524
-0.670480454159489 0.3663987364166303
-0.6863289132740025 0.36774598011988396
-0.7015087553579022 0.3690138225400384
-0.7159886236931209 0.3701998408577759
-0.7297381184127516 0.3713016945586519
-0.74272790905816 0.37231713076926126
-0.7549298455732674 0.3732439894825031
-0.766317067162989 0.374080208657852
-0.7768641084397949 0.3748238291826739
-0.7865470022864041 0.3754729996810531
-0.7953433788662176 0.3760259811567566
-0.8032325602259137 0.3764811514575408
-0.8101956499442385 0.3768370095481557
-0.8162156173038876 0.37709217958019603
-0.8212773754795833 0.37724541474712214
-0.8253678532641493 0.37729560091352177
-0.8284760598807451 0.3772417600081334
-0.8305931424630157 0.3770830531708071
-0.8317124358189893 0.3768187836441808
-0.8318295041338831 0.37644839940151253
-0.8309421743074319 0.3759714955027861
-0.8290505606654943 0.37538781617194267
-0.8261570808313858 0.374697256588737
-0.822266462590633 0.3738998643895958
-0.8173857416322876 0.372995840872507
-0.8115242501004949 0.371985541901733
-0.8046935959425491 0.37086947850905616
-0.7969076330918627 0.36964831718898916
-0.7881824225757819 0.3683228798860266
-0.7785361846932323 0.366894143673231
-0.7679892424553112 0.3653632401216595
-0.7565639565377497 0.36373145436167786
-0.7442846520382218 0.36200022383716707
-0.7311775373853523 0.36017113675528095
-0.7172706157874505 0.35824593023448886
-0.7025935896546636 0.3562264881547085
-0.6871777584714678 0.3541148387143876
-0.6710559106295068 0.35191315169945203
-0.6542622097694739 0.3496237354703018
-0.6368320762115085 0.3472490336736622
-0.6188020640795479 0.3447916216865573
-0.600209734750224 0.3422542028005325
-0.5810935272755441 0.3396396041547557
-0.561492626445526 0.33695077242744065
-0.5414468291645823 0.3341907692951427
-0.5209964098271042 0.33136276667070014
-0.5001819853754282 0.32847004173049144
-0.479044380721919 0.3255159717422464
-0.45762449521543613 0.3225040287058057
-0.4359631708108007 0.31943777381813
-0.4141010625980289 0.3163208517760793
-0.3920785123169475 0.31315698492914434
-0.3699354254684901 0.30994996729584756
-0.34771115259988816 0.3067036584567632
-0.3254443753165166 0.30342197733816795
-0.303172997536858 0.3001088959001485
-0.28093404246846854 0.29676843274284676
-0.2587635557465019 0.2934046466450749
-0.23669651513340337 0.2900216300494417
-0.2147667471334503 0.28662350250800456
-0.1930068508309346 0.2832144041025762
-0.17144812921334945 0.2797984888537228
-0.15012052819290783 0.276379918132442
-0.12905258348987583 0.2729628540882506
-0.10827137549225405 0.2695514531073226
-0.08780249215753688 0.2661498593142266
-0.06766999997110593 0.26276219813025375
-0.0478964229302043 0.25939256990154064
-0.02850272947202928 0.25604504360942454
-0.009508327219403812 0.2527236506753365
0.009068934626537434 0.24943237887229538
0.027212755460569726 0.24617516635460118
0.0449083662702027 0.242955895816718
0.062142505747807525 0.23977838879212723
0.078903389844623 0.23664640010282334
0.09518067513243705 0.2335636124684842
0.11096541636011728 0.2305336312854151
0.126250018625013 0.22755997958375174
0.14102818460164765 0.22464609317106313
0.15529485728783357 0.22179531597043342
0.16904615874795118 0.21901089555999648
0.18227932534386518 0.21629597892083227
0.19499263995696225 0.2136536083989125
0.2071853617062793 0.21108671788718206
0.21885765367610366 0.20859812923214377
0.2300105091609082 0.2061905488697479
0.24064567693462657 0.20386656469418565
0.25076558604315335 0.20162864316281137
0.2603732706082214 0.19947912663996625
0.2694722951195347 0.1974202309814897
0.2780666806735326 0.19545404336170583
0.2861608326001328 0.19358252034378845
0.29375946989924256 0.1918074861935252
0.3008675568811714 0.19013063143699285
0.30749023738627607 0.18855351166065748
0.3136327719257323 0.1870775465533966
0.3193004780621679 0.18570401918819143
0.3244986743151655 0.184434075541667
0.32923262784868895 0.18326872424848417
0.3335075061639735 0.18220883658755208
0.3373283329895252 0.18125514669648501
0.34069994852732544 0.18040825201026794
0.34362697418212274 0.17966861391952774
0.3461137818663247 0.1790365586438261
0.3481644679424176 0.1785122783145586
0.34978283183159187 0.17809583226202383
0.350972359286604 0.1777871485007602
0.3517362102967441 0.1775860254068979
0.35207721156300475 0.17749213358112528
0.35199785345397144 0.1775050178904964
0.3515002913263153 0.17762409968206938
0.35058635106843394 0.1778486791612063
0.3492575387024965 0.17817793792712477
0.3475150538586207 0.17861094165806937
0.34535980691443446 0.1791466429384665
0.3427924395761017 0.17978388422009328
0.3398133486604096 0.18052140090929952
0.33642271282323943 0.1813578245722996
0.3326205219686088 0.18229168625027511
0.3284066090618334 0.18332141987616074
0.3237806840626933 0.18444536578490187
0.3187423696886784 0.18566177430895867
0.3132912387146765 0.1869688094508041
0.3074268525133117 0.18836455262426302
0.30114880054019444 0.18984700645657257
0.2944567404702744 0.19141409864309294
0.2873504386954955 0.19306368584658987
0.2798298108982592 0.19479355763334252
0.2718949624232124 0.1966014404381843
0.26354622817761975 0.19848500155086476
0.2547842118002359 0.20044185311628993
0.2456098238507407 0.20246955614111176
0.23602431878194752 0.20456562449977045
0.22602933047307688 0.20672752893264915
0.21562690611391644 0.20895270102978766
0.2048195382461919 0.21123853719346808
0.19361019478409605 0.21358240257321784
0.18200234685198374 0.21598163496704062
0.1699999942930545 0.2184335486830955
0.1576076887221129 0.2209354383558114
0.14483055400982284 0.22348458271127036
0.1316743041068444 0.22607824827619627
0.11814525812821297 0.22871369302621175
0.10425035264303228 0.23138816996778444
0.08999715112326456 0.23409893065018517
0.07539385052911585 0.23684322860265264
0.0604492850203214 0.23961832269310288
0.045172926800305074 0.242421480404616
0.029574884115693617 0.24524998102615972
0.013665896446747927 0.24810111875455532
-0.002542673059401618 0.2509722057045201
-0.01903884785033158 0.2538605748243762
-0.03581005084742242 0.25676358271482297
-0.05284311985511622 0.25967861234870465
-0.07012432540242972 0.2626030756899809
-0.08763939090586789 0.2655344162098316
-0.10537351504016793 0.26847011129912857
-0.12331139618716999 0.2714076745753714
-0.14143725883454344 0.27434465808384845
-0.15973488178234452 0.27727865439174154
-0.17818762801501356 0.28020729857492616
-0.19677847609127255 0.28312827009727976
-0.21549005289823972 0.2860392945820856
-0.23430466761918134 0.28893814547620467
-0.25320434675495107 0.2918226456066658
-0.2721708700466138 0.2946906686307993
-0.2911858071400978 0.29754014038017834
-0.3102305548397677 0.30036904009961063
-0.3292863747939273 0.30317540158176376
-0.34833443146366605 0.30595731419909133
-0.3673558302235731 0.3087129238340068
-0.38633165545107356 0.3114404337090924
-0.40524300846152805 0.3141381051187158
-0.42407104515387073 0.31680425806399287
-0.44279701323494347 0.31943727179289855
-0.4614022888957946 0.3220355852473809
-0.4798684128221492 0.3245976974198588
-0.4981771254216867 0.32712216762075835
-0.5163104011659178 0.3296076156600324
-0.5342504819425153 0.33205272194446234
-0.5519799093254723 0.3344562274932514
-0.569481555679118 0.33681693387467654
-0.5867386540141635 0.33913370306592416
-0.603734826526701 0.3414054572390214
-0.6204541117548328 0.3436311784753221
-0.6368809902960947 0.34580990841119724
-0.6530004090374483 0.3479407478177743
-0.668797803854143 0.3500228561172314
-0.6842591207442259 0.3520554508386091
-0.6993708353686128 0.35403780701559784
-0.7141199709781393 0.35596925652937883
-0.7284941147111214 0.35784918739899435
-0.7424814322547517 0.35967704302215436
-0.756070680867432 0.36145232136905664
-0.7692512207679145 0.363174574132143
-0.7820130248999796 0.36484340583432207
-0.7943466870881436 0.36645847289833694
-0.8062434286055049 0.36801948267998685
-0.8176951031790954 0.3695261924678043
-0.8286942004622029 0.37097840845169167
-0.8392338480078658 0.37237598466304955
-0.8493078117826414 0.37371882188901523
-0.8589104952607112 0.3750068665630369
-0.8680369371445673 0.3762401096343435
-0.8766828077592536 0.37741858541852286
-0.884844404171786 0.3785423704316378
-0.8925186440872084 0.37961158220991503
-0.8997030585770047 0.38062637811728534
-0.9063957836968024 0.38158695414293103
-0.9125955510500109 0.38249354369068933
-0.9183016773582204 0.3833464163625257
-0.9235140530968741 0.38414587673777434
-0.9282331302579948 0.3848922631501592
-0.9324599093001863 0.3855859464642627
-0.9361959253474866 0.3862273288532285
-0.9394432336978862 0.38681684257931837
-0.9422043947019306 0.3873549487788588
-0.9444824580720479 0.3878421362531757
-0.9462809466815991 0.3882789202668928
-0.9476038399122334 0.38866584135497695
-0.9484555566071116 0.3890034641398688
-0.9488409376860631 0.3892923761599056
-0.9487652284776172 0.38953318671022974
-0.9482340608212604 0.3897265256972771
-0.9472534349916716 0.3898730425079147
-0.9458297014951058 0.38997340489416293
-0.9439695427861008 0.39002829787446663
-0.941679954950962 0.39003842265233507
-0.9389682294026777 0.39000449555315436
-0.9358419346295697 0.38992724697990877
-0.932308898038275 0.3898074203884795
-0.9283771879295611 0.3896457712831421
-0.9240550956430738 0.38944306623281605
-0.9193511179056991 0.38920008190858935
-0.9142739394150753 0.38891760414294596
-0.9088324156890772 0.3885964270111364
-0.9030355562082051 0.3882373519349899
-0.896892507877743 0.3878411868095269
-0.890412538833044 0.38740874515260504
-0.8836050226095296 0.386940845277797
-0.8764794226974479 0.38643830949068125
-0.8690452774996115 0.38590196330870047
-0.8613121857072572 0.38533263470461626
-0.8532897921086587 0.38473115337364405
-0.8449877738429109 0.3840983500242876
-0.8364158271090666 0.3834350556928203
-0.8275836543401391 0.38274210108140305
-0.8185009518475533 0.3820203159196158
-0.8091773979449128 0.3812705283495294
-0.7996226415517904 0.38049356433389203
-0.7898462912826603 0.37969024708743404
-0.7798579050216223 0.3788613965310264
-0.7696669799833776 0.378007828768488
-0.7592829432586762 0.37713035558573255
-0.7487151428434005 0.3762297839720953
-0.7379728391462866 0.3753069156634047
-0.7270651969726215 0.37436254670662467
-0.7160012779775324 0.3733974670456422
-0.7047900335837195 0.3724124601279389
-0.6934402983556 0.3714083025316913
-0.6819607838234442 0.3703857636130356
-0.6703600727481402 0.36934560517302445
-0.6586466138184124 0.3682885811439503
-0.6468287167704553 0.3672154372945846
-0.6349145479197098 0.366126910953897
-0.6229121260964026 0.36502373075302386
-0.6108293189700568 0.36390661638470234
-0.5986738397560819 0.3627762783801287
-0.5864532442898076 0.3616334179025184
-0.5741749284578762 0.3604787265570765
-0.5618461259744276 0.35931288621687824
-0.5494739064905387 0.35813656886426404
-0.5370651740236977 0.3569504364472082
-0.5246266656962898 0.3557551407503297
-0.512164950769889 0.3545513232800161
-0.4996864299634134 0.353339615163248
-0.48719733504337603 0.35212063705973295
-0.47470372867224564 0.3508949990867328
-0.46221150450514903 0.34966330075637836
-0.449726387520972 0.34842613092484764
-0.4372539345773748 0.347184067753113
-0.4247995351768834 0.3459376786787209
-0.41236841243333444 0.3446875203982626
-0.3999656242263594 0.34343413886002183
-0.38759606453449696 0.3421780692665593
-0.37526446493396437 0.3409198360866212
-0.3629753962537897 0.33965995307610763
-0.35073327037674096 0.33839892330769167
-0.3385423421752929 0.33713723920863853
-0.32640671157370243 0.335875382606541
-0.31433032572568465 0.3346138247825025
-0.3023169812985911 0.33335302653142124
-0.29037032685654013 0.33209343822917003
-0.2784938653312054 0.33083549990604977
-0.26669095657426123 0.32957964132642587
-0.2549648199815374 0.32832628207401754
-0.2433185371827735 0.3270758316426919
-0.23175505478828567 0.3258286895323184
-0.22027718718586603 0.32458524534942657
-0.20888761938076603 0.32334587891233607
-0.19758890987231065 0.3221109603604814
-0.18638349356176992 0.3208808502677444
-0.17527368468264326 0.31965589975920605
-0.164261679752141 0.3184364506315422
-0.15334956053412835 0.3172228354763277
-0.1425392970104821 0.31601537780622685
-0.1318327503565459 0.31481439218388874
-0.12123167591415215 0.31362018435309563
-0.11073772615977215 0.31243305137214816
-0.10035245366248996 0.31125328174913175
-0.09007731402858446 0.31008115557891885
-0.07991366882859474 0.3089169446816447
-0.06986278850413699 0.307760912742528
-0.05992585525083893 0.3066133154527907
-0.05010396587516186 0.3054744006515728
-0.0403981346205923 0.3043444084684552
-0.03080929596358678 0.3032235714667558
-0.021338307374853982 0.30211211478719247
-0.011985952043341935 0.30101025629169387
-0.002752941564234973 0.29991820670758945
0.006360081415296565 0.2988361697715063
0.015352540589799707 0.29776434237335225
0.024223923433669137 0.2967029146998368
0.03297377868261164 0.295652070377683
0.04160171386052228 0.2946119866163016
0.05010739285290325 0.293582834349795
0.058490533527060184 0.2925647783782576
0.06675090540059386 0.2915579775081762
0.07488832735735981 0.2905625846920058
0.08290266541396296 0.28957874716651677
0.09079383053373599 0.288606606590245
0.09856177649173964 0.2876462991795648
0.10620649778854419 0.286697955843605
0.11372802761468642 0.28576170231771403
0.12112643586404312 0.28483765929562394
0.12840182719791754 0.2839259425600182
0.13555433915812923 0.28302666311163777
0.14258414032979458 0.28213992729675685
0.14949142855316128 0.2812658369330218
0.1562764291843105 0.28040448943358465
0.16293939340423455 0.2795559779294992
0.16948059657577416 0.2787203913903473
0.1759003366484033 0.27789781474299646
0.18219893260938497 0.2770883289885723
0.18837672298188005 0.2762920113174681
0.19443406436846433 0.27550893522248115
0.20037133003970709 0.27473917061001163
0.2061889085678074 0.2739827839092147
0.21188720250314688 0.27323983817927205
0.21746662709454892 0.27251039321456805
0.2229276090517397 0.27179450564785435
0.2282705853491017 0.27109222905140873
0.2334960020707974 0.270403614036066
0.23860431329527862 0.26972870834826806
0.24359598001966926 0.2690675569649582
0.24847146912217274 0.2684202021864508
0.25323125236259525 0.2677866837271548
0.25787580541927835 0.2671670388042665
0.2624056069625861 0.2665613022243049
0.2668211377633699 0.2659695064675912
0.27112287983607225 0.2653916817706124
0.2753113156156073 0.26482785620627947
0.2793869271668946 0.2642780557621289
0.28335019542698 0.2637423044163739
0.28720159947811175 0.263220624211927
0.29094161585170597 0.26271303532830564
0.2945707178620754 0.26221955615147735
0.2980893749692276 0.2617402033416452
0.3014980521702392 0.26127499189895087
0.30479720941813043 0.26082393522715097
0.3079873010677937 0.26038704519524314
0.3110687753482986 0.25996433219704884
0.3140420738605033 0.25955580520881827
0.3169076311000394 0.259161471844769
0.31966587400433555 0.25878133841066486
0.32231722152337605 0.258415409955402
0.3248620842135498 0.25806369032062065
0.32730086385401036 0.2577261821883514
0.3296339530849184 0.2574028871267187
0.33186173506701555 0.2570938056337114
0.3339845831620549 0.2567989371790269
0.33600286063348217 0.25651828024401285
0.33791692036687243 0.25625183235972004
0.33972710460981326 0.25599959014305507
0.3414337447303405 0.2557615493311076
0.3430371609941297 0.2555377048135743
0.3445376623592963 0.255328050663395
0.34593554628899076 0.25513258016553164
0.34723109858098844 0.25495128584396126
0.34842459321418273 0.25478415948685823
0.34951629221139724 0.2546311921700122
0.35050644551838 0.25449237427846805
0.3513952908985096 0.2543676955264243
0.35218305384304727 0.254257144975384
0.35286994749647704 0.25416071105059895
0.353456172596914 0.2540783815557865
0.3539419174311049 0.25401014368616476
0.3543273578039097 0.2539559840398057
0.35461265702209 0.25391588862731335
0.3547979658921071 0.2538898428798573
0.354883422731836 0.2538778316555624
0.3548691533960223 0.25387983924427227
0.3547552713153168 0.25389584937070186
0.3545418775488035 0.25392584519598865
0.35422906084988526 0.2539698093176583
0.353816897745479 0.25402772376801364
0.3533054526283609 0.2540995700109708
0.35269477786270775 0.25418532893734125
0.35198491390272946 0.25428498085858153
0.3511758894244268 0.2543985054990146
0.35026772147028423 0.2545258819865607
0.34926041560723087 0.25466708884194356
0.348153966097543 0.25482210396643323
0.34694835608288543 0.25499090462811436
0.3456435577816192 0.25517346744668057
0.34423953269918983 0.2553697683768025
0.3427362318519922 0.25557978269003545
0.34113359600440596 0.25580348495533395
0.33943155591948904 0.2560408490181313
0.3376300326231827 0.25629184797803195
0.3357289376822521 0.25655645416511463
0.3337281734960713 0.25683463911486226
0.3316276336022974 0.2571263735417444
0.3294272029969174 0.2574316273114192
0.3271267584683494 0.257750369411635
0.32472616894615913 0.258082567921789
0.3222252958644274 0.25842818998117895
0.31962399353996385 0.2587872017559574
0.3169221095654641 0.2591595684048182
0.31411948521816846 0.25954525404337925
0.311215955883705 0.2599442217073487
0.30821135149589285 0.26035643331441205
0.3051054969922797 0.2607818496249166
0.3018982127858686 0.26122043020133745
0.29858931525332666 0.26167213336653217
0.2951786172396834 0.2621369161608306
0.2916659285800812 0.26261473429793364
0.28805105663845076 0.26310554211968556
0.2843338068636917 0.26360929254969395
0.2805139833634137 0.26412593704583864
0.2765913894955728 0.2646554255516766
0.2725658284783712 0.26519770644674495
0.2684371040180996 0.26575272649585713
0.2642050209561808 0.26632043079727546
0.25986938593464315 0.2669007627299162
0.2554300080809303 0.2674936638995183
0.25088669971186184 0.26809907408385364
0.24623927705746607 0.2687169311769342
0.24148756100435112 0.26934717113231427
0.2366313778590747 0.2699897279054769
0.2316705601320781 0.2706445333952827
0.22660494734172057 0.271311517384593
0.22143438683899866 0.27199060748004006
0.2161587346530757 0.2726817290509784
0.21077785635793025 0.27338480516762514
0.20529162795981698 0.27409975653847735
0.19969993680606624 0.2748265014469846
0.19400268251547925 0.2755649556874885
0.1881997779297662 0.2763150325005454
0.18229115008669955 0.27707664250758746
0.1762767412150954 0.2778496936449488
0.17015650975079466 0.278634091097403
0.163930431374855 0.2794297372310922
0.157598500073099 0.2802365315259947
0.15116072921716395 0.2810543705079436
0.1446171526671548 0.28188314768021533
0.137967825895636 0.2827227534547498
0.1312128271327635 0.2835730750830519
0.12435225853286636 0.28443399658675944
0.11738624736110245 0.2853053986880692
0.11031494720181892 0.2861871587398335
0.10313853918642232 0.287079150655616
0.09585723324143977 0.28798124483963017
0.0884712693565892 0.2888933081165908
0.08098091887159681 0.2898152036616364
0.07338648578225093 0.29074679093026096
0.0656883080645104 0.2916879255883963
0.05788675901633353 0.29263845944267375
0.049982248616596114 0.29359824037093085
0.04197522490064373 0.29456711225299786
0.03386617535205433 0.2955449149017935
0.025655628307805656 0.29653148399504126
0.017344154379356325 0.2975266510072679
0.00893236788643556 0.2985302431424344
0.00042092830257203784 0.29954208326727016
-0.008189458287342688 0.3005619898452247
-0.01689803771992035 0.3015897768712769
-0.025704006276338176 0.302625253807512
-0.034606509198229135 0.30366822551971223
-0.043604639196720835 0.30471849221492436
-0.05269743495628071 0.3057758493801217
-0.06188387963493644 0.3068400877220575
-0.07116289936204895 0.30791099310835646
-0.0805333617360332 0.3089883465100239
-0.08999407432180476 0.3100719239452432
-0.09954378315277507 0.31116149642490654
-0.10918117123628665 0.3122568298996315
-0.11890485706525201 0.3133576852084591
-0.1287133931395624 0.3144638180295058
-0.13860526449717442 0.31557497883242175
-0.14857888725757273 0.3166909128328154
-0.1586326071816052 0.31781135994894416
-0.16876469824701593 0.31893605476043485
-0.17897336124488822 0.32006472646945366
-0.18925672239734656 0.3211970988641905
-0.19961283200087301 0.3223328902849637
-0.21003966309639627 0.32347181359288574
-0.22053511016992144 0.324613576141315
-0.231096987885742 0.32575787975011683
-0.2417230298565154 0.3269044206829978
-0.25241088745027773 0.32805288962771023
-0.2631581286419069 0.32920297167972307
-0.2739622369075798 0.3303543463289796
-0.2848206101683303 0.3315066874501695
-0.2957305597853505 0.3326596632965649
-0.30668930960983976 0.33381293649747856
-0.3176939950911184 0.334966164059497
-0.3287416624469941 0.336118997371659
-0.3398292678986776 0.3372710822145715
-0.3509536769755993 0.3384220587737641
-0.36211166389202953 0.33957156165722185
-0.3732999109999746 0.3407192199172984
-0.3845150083229294 0.3418646570772156
-0.3957534531719612 0.34300749116203405
-0.407011649850645 0.3441473347344937
-0.418285909450528 0.34528379493562233
-0.42957244974250497 0.3464164735303884
-0.4408673951664183 0.34754496695835807
-0.4521667769244614 0.3486688663896475
-0.4634665331805952 0.349787757786119
-0.47476250937132103 0.3509012219680852
-0.48605045863022656 0.3520088346864923
-0.4973260423315952 0.35311016670084056
-0.5085848307550349 0.35420478386277265
-0.5198223038768971 0.3552922472056374
-0.5310338522906987 0.35637211303998945
-0.5422147782599971 0.3574439330551146
-0.5533602969090319 0.3585072544268507
-0.5644655375528528 0.359561619931633
-0.5755255451700262 0.36060656806683516
-0.5865352820232285 0.3616416331776921
-0.5974896294289631 0.36266634559070915
-0.6083833896802198 0.36368023175372133
-0.6192112881242782 0.36468281438261746
-0.6299679753995803 0.36567361261492004
-0.6406480298328141 0.36665214217015946
-0.6512459599996429 0.36761791551720924
-0.6617562074502673 0.36857044204855255
-0.6721731496031492 0.36950922826165994
-0.6824911028069244 0.37043377794737314
-0.6927043255734999 0.3713435923854731
-0.7028070219826456 0.372238170547385
-0.7127933452597867 0.37311700930611513
-0.7226574015271485 0.37397960365339195
-0.7323932537288148 0.3748254469240428
-0.7419949257306104 0.37565403102768236
-0.7514564065931231 0.3764648466875857
-0.760771655019216 0.3772573836869029
-0.769934603973576 0.3780311311220625
-0.7789391654744913 0.37878557766346316
-0.7877792355550204 0.3795202118233162
-0.7964486993929896 0.3802345222307159
-0.8049414366065589 0.38092799791381377
-0.8132513267130084 0.38160012858907116
-0.8213722547480387 0.38225040495756035
-0.8292981170414602 0.3828783190081912
-0.837022827145413 0.3834833643277909
-0.8445403219118838 0.38406503641803386
-0.8518445677129721 0.38462283301898365
-0.8589295668002164 0.38515625443925905
-0.86578936379649 0.3856648038926409
-0.87241805231438 0.3861479878409957
-0.8788097816952709 0.3866053163434338
-0.8849587638605761 0.3870363034114432
-0.8908592802691282 0.38744046736994775
-0.8965056889721388 0.3878173312240726
-0.9018924317567358 0.3881664230313964
-0.9070140413702984 0.3884872762795736
-0.9118651488153766 0.38877943026906137
-0.9164404907055367 0.38904243050074866
-0.9207349166724327 0.3892758290682901
-0.924743396812282 0.38947918505484186
-0.928461029162035 0.3896520649340268
-0.9318830471922287 0.3897940429747904
-0.9350048273057562 0.38990470164993324
-0.9378218963294992 0.3899836320479995
-0.9403299389860965 0.39003043428823153
-0.9425248053332083 0.39004471793829415
-0.9444025181563283 0.3900261024344329
-0.9459592803014678 0.38997421750374167
-0.9471914819337849 0.3898887035881995
-0.9480957077076513 0.38976921227011996
-0.9486687438335385 0.3896154066986472
-0.9489075850268639 0.3894269620169205
-0.9488094413237083 0.38920356578955106
-0.9483717447482606 0.38894491842994433
-0.9475921558164943 0.3886507336271557
-0.9464685698606393 0.3883207387717775
-0.9449991231588925 0.38795467538048267
-0.9431821988548306 0.38755229951878767
-0.9410164326507544 0.38711338222154573
-0.9385007182595841 0.38663770991076857
-0.9356342125999186 0.38612508481031776
-0.9324163407183229 0.38557532535689343
-0.9288468004248103 0.38498826660705193
-0.9249255666249406 0.3843637606394842
-0.9206528953354568 0.38370167695235147
-0.9160293273678034 0.38300190285496977
-0.9110556916661037 0.3822643438534527
-0.9057331082854725 0.3814889240297357
-0.9000629909977745 0.380675586413527
-0.8940470495119702 0.3798242933466513
-0.8876872912964067 0.37893502683921143
-0.8809860229919104 0.3780077889171174
-0.8739458514044844 0.3770426019604336
-0.8665696840670882 0.37603950903199396
-0.8588607293607432 0.374998574195741
-0.8508224961866206 0.3739198828243327
-0.8424587931809028 0.3728035418954662
-0.8337737274635316 0.3716496802761671
-0.8247717029187157 0.3704584489950768
-0.8154574179959618 0.3692300215014301
-0.8058358630330276 0.36796459391097497
-0.7959123170930112 0.3666623852377296
-0.7856923443153757 0.36532363761134573
-0.775181789780013 0.3639486164796157
-0.7643867748827884 0.3625376107954301
-0.7533136922239717 0.36109093318774255
-0.741969200013099 0.3596089201162287
-0.7303602159918205 0.35809193200891876
-0.7184939108805151 0.3565403533824857
-0.7063777013540552 0.3549545929446666
-0.6940192425545857 0.3533350836784678
-0.6814264201476807 0.3516822829074535
-0.668607341934825 0.34999667234212584
-0.6555703290301407 0.3482787581065934
-0.6423239066146781 0.3465290707452801
-0.6288767942825123 0.3447481652093949
-0.6152378959914333 0.3429366208225439
-0.6014162896373262 0.34109504122554934
-0.5874212162655933 0.33922405429963676
-0.5732620689408724 0.3373243120680536
-0.5589483812945188 0.33539649057581383
-0.5444898157682738 0.3334412897469841
-0.5298961515790331 0.33145943321966836
-0.5151772724260086 0.32945166815824234
-0.5003431539632311 0.32741876504248807
-0.4854038510663354 0.32536151743398706
-0.4703694849140878 0.323280741718871
-0.45525022991555597 0.32117727682735503
-0.4400563005101822 0.319051983929904
-0.4247979378661223 0.31690574610953326
-0.4094853965091212 0.31473946801063274
-0.39412893091085044 0.3125540754641937
-0.37873878206541234 0.3103505150892242
-0.3633251640858998 0.3081297538705599
-0.3478982508523021 0.3058927787131693
-0.33246816274110924 0.30364059597290627
-0.31704495346799555 0.30137423096381166
-0.3016385970768113 0.2990947274423508
-0.2862589751037823 0.2968031470683727

