0.49629612140396545 -0.27076360782624526
0.49659342786508687 -0.27071997261121966
0.49689771642575437 -0.2706752168675739
0.49720898755830883 -0.27062933993501
0.49752724160475614 -0.27058234115867164
0.4978524787766137 -0.2705342198891451
0.49818469915464914 -0.2704849754824766
0.4985239026887062 -0.27043460730017677
0.4988700891975397 -0.27038311470922427
0.49922325836858455 -0.27033049708207973
0.4995834097577943 -0.2702767537966889
0.4999505427894216 -0.270221884236496
0.5003246567558663 -0.27016588779044626
0.5007057508174897 -0.27010876385299415
0.5010938240024125 -0.2700505118241149
0.5014888752063417 -0.26999113110931106
0.5018909031924368 -0.2699306211196145
0.5022999065910843 -0.26986898127160186
0.5027158838997408 -0.26980621098740004
0.5031388334827989 -0.2697423096946892
0.5035687535713826 -0.26967727682671605
0.504005642263223 -0.2696111118222956
0.5044494975224421 -0.26954381412582734
0.5049003171794637 -0.26947538318729225
0.5053580989308197 -0.26940581846226624
0.5058228403389781 -0.2693351194119305
0.5062945388322566 -0.26926328550306927
0.5067731917046274 -0.26919031620808437
0.5072587961155856 -0.2691162110050007
0.5077513490899954 -0.26904096937747535
0.5082508475179808 -0.2689645908147999
0.5087572881547773 -0.26888707481190965
0.5092706676205714 -0.2688084208693949
0.5097909824004014 -0.2687286284935027
0.5103182288440127 -0.26864769719614684
0.5108524031657637 -0.26856562649490956
0.5113935014444465 -0.2684824159130574
0.5119415196232019 -0.2683980649795422
0.5124964535094142 -0.2683125732290067
0.5130582987745621 -0.2682259402017958
0.5136270509541108 -0.26813816544396313
0.514202705447435 -0.2680492485072727
0.514785257517709 -0.2679591889492057
0.515374702291719 -0.26786798633298015
0.5159710347598716 -0.26777564022754086
0.5165742497760561 -0.2676821502075713
0.5171843420575082 -0.2675875158535069
0.517801306184746 -0.26749173675153654
0.5184251366015327 -0.2673948124936009
0.5190558276146717 -0.2672967426774172
0.5196933733940308 -0.26719752690646803
0.5203377679723793 -0.26709716479002044
0.5209890052453603 -0.26699565594312424
0.5216470789714087 -0.2668929999866187
0.5223119827716378 -0.26678919654714506
0.5229837101298007 -0.2666842452571474
0.5236622543922196 -0.26657814575487904
0.524347608767695 -0.26647089768441273
0.5250397663274842 -0.2663625006956397
0.5257387200052012 -0.26625295444428226
0.526444462596771 -0.2661422585918976
0.5271569867603627 -0.26603041280588596
0.5278762850163737 -0.26591741675949004
0.5286023497473434 -0.26580327013180755
0.5293351731979454 -0.2656879726077903
0.530074747474854 -0.26557152387826427
0.5308210645468321 -0.26545392363991493
0.5315741162445826 -0.26533517159531045
0.5323338942607851 -0.26521526745289603
0.5331003901499918 -0.2650942109270105
0.533873595328682 -0.2649720017378789
0.5346535010751762 -0.26484863961162697
0.5354400985296166 -0.26472412428028635
0.5362333786939518 -0.2645984554817987
0.5370333324319437 -0.26447163296001736
0.537839950469126 -0.26434365646471647
0.5386532233927579 -0.26421452575160204
0.5394731416519007 -0.2640842405823032
0.5402996955573134 -0.2639528007243931
0.5411328752815561 -0.2638202059513767
0.5419726708588215 -0.26368645604272306
0.5428190721851502 -0.2635515507838359
0.5436720690182701 -0.26341548996608527
0.5445316509776452 -0.2632782733868059
0.5453978075445449 -0.2631399008492928
0.54627052806195 -0.26300037216282307
0.5471498017347061 -0.26285968714263935
0.548035617629371 -0.2627178456099815
0.5489279646743852 -0.26257484739206827
0.5498268316600414 -0.26243069232211036
0.550732207238497 -0.26228538023931786
0.5516440799237916 -0.26213891098890707
0.5525624380919344 -0.2619912844220962
0.5534872699809206 -0.26184250039611356
0.554418563690689 -0.2616925587742151
0.5553563071833199 -0.26154145942566376
0.5563004882829554 -0.2613892022257541
0.557251094675889 -0.2612357870558103
0.5582081139105822 -0.26108121380319566
0.5591715333977714 -0.2609254823613088
0.5601413404105073 -0.2607685926295905
0.5611175220842101 -0.26061054451352883
0.5621000654166755 -0.26045133792467257
0.5630889572682436 -0.2602909727806186
0.564084184361817 -0.2601294490050242
0.5650857332828689 -0.25996676652762163
0.5660935904796387 -0.25980292528420224
0.5671077422631045 -0.2596379252166377
0.5681281748071771 -0.25947176627286545
0.5691548741485748 -0.2593044484069265
0.5701878261871518 -0.25913597157893
0.5712270166858753 -0.2589663357550752
0.5722724312708583 -0.2587955409076651
0.5733240554315469 -0.25862358701509497
0.574381874520806 -0.25845047406185817
0.5754458737549897 -0.25827620203855495
0.5765160382140113 -0.25810077094190137
0.5775923528415441 -0.2579241807747177
0.5786748024450536 -0.2577464315459447
0.5797633716959618 -0.2575675232706386
0.5808580451296794 -0.2573874559699883
0.5819588071458244 -0.2572062296713024
0.5830656420082759 -0.2570238444080237
0.5841785338453491 -0.2568403002197245
0.5852974666498285 -0.25665559715212494
0.5864224242792206 -0.25646973525707656
0.5875533904558383 -0.2562827145925735
0.5886903487668438 -0.25609453522277104
0.5898332826645489 -0.2559051972179623
0.5909821754664524 -0.2557147006545984
0.5921370103553848 -0.255523045615292
0.5932977703797078 -0.25533023218881157
0.5944644384534213 -0.2551362604700917
0.5956369973563542 -0.25494113056023016
0.5968154297342527 -0.25474484256650193
0.5979997180990191 -0.25454739660234926
0.5991898448288728 -0.25434879278738454
0.6003857921684383 -0.25414903124740623
0.6015875422289171 -0.2539481121144011
0.6027950769884035 -0.25374603552652286
0.604008378291885 -0.25354280162812387
0.6052274278515131 -0.25333841056974243
0.6064522072467549 -0.25313286250810985
0.6076826979245817 -0.25292615760615256
0.6089188811996837 -0.2527182960329896
0.6101607382545522 -0.2525092779639534
0.6114082501398336 -0.25229910358056457
0.6126613977744091 -0.25208777307055413
0.61392016194566 -0.25187528662785463
0.6151845233095156 -0.2516616444526279
0.6164544623909258 -0.25144684675122236
0.6177299595838295 -0.25123089373621565
0.6190109951514542 -0.25101378562640125
0.6202975492265546 -0.2507955226467866
0.621589601811587 -0.2505761050286023
0.6228871327789526 -0.2503555330092998
0.6241901218711641 -0.250133806832563
0.6254985487011453 -0.24991092674829735
0.6268123927524447 -0.24968689301263436
0.628131633379462 -0.24946170588793398
0.6294562498075594 -0.24923536564280752
0.6307862211335284 -0.24900787255208
0.6321215263256665 -0.2487792268968199
0.6334621442239732 -0.24854942896434853
0.6348080535406373 -0.24831847904820062
0.6361592328600272 -0.24808637744816994
0.6375156606390877 -0.24785312447028593
0.6388773152074727 -0.2476187204268363
0.6402441747679807 -0.24738316563633758
0.6416162173966707 -0.24714646042356164
0.6429934210431609 -0.24690860511953064
0.6443757635308707 -0.24666960006152294
0.6457632225573902 -0.2464294455930566
0.6471557756946602 -0.24618814206390674
0.6485534003891885 -0.24594568983011691
0.6499560739625404 -0.24570208925396328
0.6513637736113604 -0.24545734070400063
0.6527764764078856 -0.2452114445550237
0.6541941593000385 -0.24496440118810162
0.6556167991118249 -0.24471621099056023
0.6570443725436612 -0.24446687435597686
0.6584768561725671 -0.2442163916841988
0.6599142264524749 -0.2439647633813428
0.6613564597146078 -0.24371198985978165
0.6628035321677538 -0.24345807153815072
0.6642554198985544 -0.24320300884135143
0.6657120988717136 -0.24294680220056988
0.6671735449305742 -0.24268945205323095
0.6686397337971643 -0.2424309588430462
0.67011064107265 -0.2421713230199907
0.671586242237624 -0.2419105450403092
0.6730665126524786 -0.24164862536650808
0.6745514275575756 -0.24138556446738335
0.6760409620738125 -0.24112136281797905
0.677535091202772 -0.24085602089962016
0.6790337898270866 -0.24058953919990758
0.680537032710852 -0.240321918212705
0.6820447944999024 -0.24005315843815067
0.6835570497221553 -0.23978326038265765
0.685073772788045 -0.23951222455889792
0.6865949379906451 -0.2392400514858434
0.6881205195062907 -0.2389667416887175
0.6896504913948953 -0.2386922956990018
0.6911848276000214 -0.2384167140544877
0.6927235019496254 -0.2381399972992071
0.6942664881561255 -0.23786214598348543
0.6958137598170153 -0.23758316066389695
0.6973652904149812 -0.2373030419033098
0.69892105331845 -0.23702179027085396
0.7004810217819155 -0.2367394063419295
0.7020451689463467 -0.2364558906982007
0.703613467839383 -0.23617124392762903
0.7051858913760446 -0.23588546662441337
0.7067624123588776 -0.23559855938903296
0.7083430034783511 -0.23531052282824544
0.709927637313297 -0.23502135755507716
0.7115162863313936 -0.2347310641888064
0.7131089228894327 -0.234439643354986
0.7147055192337084 -0.23414709568544473
0.7163060475005285 -0.23385342181826635
0.7179104797165825 -0.23355862239779562
0.7195187877991867 -0.23326269807466715
0.7211309435570274 -0.23296564950574306
0.7227469186902469 -0.23266747735417254
0.7243666847910769 -0.23236818228935024
0.7259902133440459 -0.23206776498695436
0.7276174757266858 -0.2317662261288928
0.7292484432096407 -0.23146356640335988
0.7308830869573815 -0.23115978650478208
0.7325213780284023 -0.2308548871338597
0.7341632873757831 -0.23054886899754143
0.7358087858476532 -0.23024173280901702
0.7374578441873967 -0.22993347928775967
0.7391104330343883 -0.22962410915946885
0.7407665229243218 -0.22931362315609027
0.7424260842896188 -0.22900202201582073
0.7440890874597788 -0.22868930648312522
0.7457555026620833 -0.22837547730868735
0.7474253000218606 -0.22806053524944303
0.749098449563026 -0.22774448106856254
0.7507749212084052 -0.22742731553547424
0.752454684780385 -0.22710903942582705
0.7541377100012625 -0.22678965352150957
0.7558239664936759 -0.22646915861065514
0.7575134237812033 -0.22614755548761484
0.7592060512887036 -0.2258248449529803
0.7609018183428917 -0.22550102781356202
0.7626006941726555 -0.22517610488241774
0.7643026479097418 -0.22485007697881038
0.7660076485891405 -0.2245229449282245
0.7677156651495305 -0.224194709562371
0.7694266664337328 -0.22386537171919127
0.7711406211893805 -0.22353493224281995
0.7728574980691933 -0.2232033919836239
0.7745772656316083 -0.22287075179817348
0.7762998923412678 -0.22253701254924144
0.778025346569387 -0.22220217510582568
0.7797535965945174 -0.22186624034309577
0.7814846106026564 -0.22152920914246652
0.783218356688125 -0.22119108239152316
0.7849548028539413 -0.22085186098404472
0.786693917012282 -0.2205115458200106
0.78843566698493 -0.22017013780561068
0.7901800205040457 -0.21982763785319231
0.7919269452124513 -0.219484046881303
0.7936764086641903 -0.21913936581467983
0.7954283783251606 -0.2187935955842244
0.7971828215735143 -0.21844673712702467
0.7989397057002713 -0.2180987913863345
0.8006989979097012 -0.2177497593115998
0.8024606653200375 -0.2173996418584192
0.8042246749640516 -0.21704843998853277
0.8059909937891758 -0.21669615466990086
0.8077595886585964 -0.21634278687659064
0.8095304263514616 -0.2159883375888386
0.8113034735634745 -0.2156328077930376
0.813078696907368 -0.2152761984817475
0.814856062913748 -0.21491851065363224
0.8166355380312638 -0.2145597453135325
0.8184170886274478 -0.2141999034724043
0.8202006809890272 -0.2138389861473642
0.821986281322719 -0.21347699436163778
0.8237738557556488 -0.21311392914458377
0.825563370335848 -0.21274979153170342
0.8273547910330528 -0.2123845825645889
0.8291480837390512 -0.21201830329096355
0.8309432142683126 -0.2116509547646657
0.832740148358512 -0.21128253804565358
0.834538851671277 -0.21091305419996584
0.8363392897925817 -0.21054250429975419
0.8381414282333568 -0.21017088942327233
0.8399452324300858 -0.2097982106548682
0.8417506677454187 -0.2094244690849729
0.8435576994687419 -0.20904966581009893
0.8453662928166259 -0.20867380193286433
0.8471764129336878 -0.2082968785619311
0.848988024892912 -0.20791889681205655
0.8508010936964276 -0.20753985780404977
0.8526155842758631 -0.20715976266481725
0.8544314614933161 -0.20677861252727966
0.8562486901416129 -0.20639640853043786
0.8580672349449474 -0.20601315181936022
0.8598870605596904 -0.20562884354513397
0.8617081315747853 -0.20524348486490399
0.8635304125125332 -0.2048570769418302
0.8653538678289361 -0.2044696209451383
0.8671784619145313 -0.20408111805006737
0.8690041590949561 -0.20369156943787453
0.8708309236315486 -0.20330097629583258
0.8726587197218383 -0.20290933981725143
0.8744875115003334 -0.2025166612014366
0.8763172630391678 -0.20212294165367808
0.8781479383484625 -0.20172818238530044
0.8799795013772518 -0.20133238461359249
0.8818119160138163 -0.20093554956186485
0.8836451460866588 -0.20053767845936896
0.8854791553647259 -0.20013877254137943
0.887313907558368 -0.1997388330491174
0.8891493663197951 -0.1993378612297832
0.8909854952437914 -0.1989358583365327
0.8928222578682424 -0.19853282562849592
0.8946596176749199 -0.19812876437073876
0.8964975380900511 -0.19772367583427236
0.8983359824848194 -0.19731756129607866
0.9001749141762685 -0.1969104220390465
0.9020142964277563 -0.196502259352008
0.9038540924497032 -0.19609307452970978
0.9056942654000526 -0.19568286887284878
0.9075347783852257 -0.1952716436879982
0.9093755944605098 -0.1948594002876601
0.9112166766308061 -0.19444613999023763
0.9130579878512612 -0.19403186412003465
0.9148994910279689 -0.19361657400723886
0.9167411490186059 -0.1932002709879205
0.9185829246329997 -0.19278295640404666
0.9204247806339567 -0.19236463160343728
0.9222666797377452 -0.19194529793979928
0.9241085846149565 -0.19152495677267523
0.9259504578909226 -0.19110360946749366
0.9277922621465786 -0.19068125739551753
0.9296339599190953 -0.1902579019338463
0.9314755137024824 -0.18983354446542436
0.9333168859482481 -0.18940818637903734
0.9351580390662257 -0.18898182906926977
0.9369989354250463 -0.1885544739365452
0.9388395373529205 -0.18812612238709495
0.9406798071382936 -0.18769677583295627
0.9425197070305629 -0.1872664356919566
0.9443591992407032 -0.18683510338771941
0.946198245941914 -0.18640278034966545
0.9480368092704512 -0.1859694680129705
0.9498748513261421 -0.18553516781859855
0.9517123341730522 -0.18509988121329912
0.953549219840409 -0.18466360964954395
0.955385470323072 -0.18422635458557193
0.9572210475822948 -0.18378811748536425
0.9590559135463204 -0.18334889981866034
0.9608900301112664 -0.18290870306090445
0.9627233591416218 -0.18246752869328522
0.964555862471101 -0.18202537820269016
0.9663875019031999 -0.18158225308173206
0.9682182392119285 -0.18113815482873286
0.970048036142662 -0.18069308494767922
0.9718768544124944 -0.18024704494829905
0.9737046557113646 -0.1798000363459504
0.9755314017024199 -0.17935206066169623
0.9773570540228869 -0.1789031194222562
0.9791815742846641 -0.17845321416002585
0.9810049240752239 -0.17800234641302073
0.9828270649579927 -0.1775505177249492
0.9846479584734973 -0.17709772964509587
0.9864675661395623 -0.17664398372844065
0.9882858494524598 -0.1761892815355415
0.9901027698873737 -0.17573362463258788
0.9919182888991489 -0.17527701459138328
0.9937323679230781 -0.17481945298931903
0.9955449683755377 -0.17436094140938532
0.997356051654796 -0.17390148144014003
0.999165579141513 -0.17344107467575487
1.0009735121997276 -0.17297972271593878
1.0027798121774105 -0.17251742716597163
1.004584440407252 -0.1720541896366781
1.0063873582072747 -0.17159001174444694
1.0081885268816544 -0.17112489511119686
1.0099879077215248 -0.17065884136434653
1.0117854620053486 -0.17019185213689692
1.013581151000116 -0.16972392906729952
1.0153749359617033 -0.16925507379954308
1.0171667781357838 -0.16878528798309606
1.0189566387583726 -0.16831457327294574
1.0207444790567846 -0.16784293132952874
1.0225302602502246 -0.1673703638187581
1.0243139435504867 -0.16689687241202253
1.026095490162768 -0.1664224587861548
1.0278748612863384 -0.1659471246234389
1.029652018115334 -0.16547087161158447
1.031426921839338 -0.1649937014437576
1.0331995336443103 -0.16451561581851934
1.034969814713226 -0.16403661643984152
1.0367377262267279 -0.16355670501711955
1.0385032293639649 -0.16307588326513503
1.0402662853033233 -0.16259415290404752
1.042026855223158 -0.1621115156593861
1.0437849003023447 -0.16162797326209058
1.0455403817213749 -0.16114352744840374
1.0472932606627368 -0.16065817995995976
1.0490434983118808 -0.1601719325437121
1.050791055857847 -0.15968478695195443
1.0525358944940075 -0.15919674494231031
1.054277975418882 -0.15870780827770242
1.0560172598367952 -0.1582179787263654
1.0577537089586186 -0.15772725806183635
1.0594872840025364 -0.1572356480629379
1.0612179461948545 -0.15674315051374893
1.0629456567705176 -0.156249767203659
1.0646703769741492 -0.15575549992727308
1.0663920680605754 -0.15526035048446463
1.0681106912956246 -0.15476432068034884
1.0698262079568752 -0.15426741232527189
1.0715385793343903 -0.15376962723480328
1.073247766731534 -0.15327096722970449
1.074953731465571 -0.15277143413596145
1.0766564348685081 -0.15227102978474552
1.0783558382877865 -0.15176975601241915
1.080051903087151 -0.15126761466048902
1.0817445906471592 -0.15076460757566512
1.083433862366174 -0.15026073660977785
1.0851196796609024 -0.14975600361982877
1.0868020039673678 -0.14925041046791268
1.0884807967412968 -0.14874395902131524
1.0901560194593203 -0.1482366511523654
1.0918276336193595 -0.14772848873853334
1.0934956007414676 -0.14721947366239213
1.095159882368674 -0.14670960781157674
1.09682044006765 -0.146198893078798
1.0984772354294454 -0.14568733136183576
1.1001302300701825 -0.145174924563544
1.101779385631971 -0.14466167459178858
1.1034246637835063 -0.14414758335948225
1.1050660262208831 -0.14363265278455323
1.1067034346682327 -0.1431168847899688
1.108336850878644 -0.1426002813036699
1.1099662366348277 -0.14208284425858583
1.1115915537497199 -0.14156457559266905
1.1132127640674914 -0.14104547724880104
1.1148298294640893 -0.14052555117484608
1.1164427118481246 -0.1400047993235957
1.1180513731614479 -0.13948322365281196
1.1196557753800513 -0.13896082612516653
1.1212558805147184 -0.13843760870826077
1.1228516506118753 -0.13791357337458002
1.12444304775414 -0.13738872210154682
1.1260300340613043 -0.1368630568714326
1.1276125716909284 -0.13633657967139493
1.1291906228390647 -0.13580929249347462
1.1307641497411303 -0.1352811973345412
1.132333114672542 -0.13475229619631826
1.1338974799495043 -0.13422259108535736
1.1354572079297205 -0.13369208401303814
1.137012261013146 -0.13316077699555334
1.1385626016428025 -0.1326286720538731
1.1401081923054186 -0.13209577121376834
1.141648995532137 -0.1315620765058121
1.1431849738994693 -0.1310275899652938
1.1447160900298377 -0.13049231363227737
1.146242306592303 -0.1299562495515942
1.1477635863034448 -0.12941939977278316
1.1492798919280531 -0.12888176635009563
1.150791186279802 -0.12834335134250704
1.152297432222026 -0.12780415681369267
1.1537985926684762 -0.12726418483200963
1.15529463058408 -0.1267234374704771
1.156785508985584 -0.1261819168067989
1.1582711909423649 -0.12563962492332534
1.15975163957718 -0.12509656390703594
1.161226818066873 -0.12455273584953908
1.1626966896430506 -0.12400814284708114
1.1641612175929685 -0.12346278700047932
1.1656203652600718 -0.12291667041518156
1.1670740960449018 -0.12236979520118979
1.168522373405726 -0.1218221634730864
1.169965160859276 -0.12127377735002057
1.171402421981587 -0.1207246389556549
1.1728341204084993 -0.12017475041824059
1.1742602198366319 -0.11962411387051296
1.1756806840240144 -0.11907273144971552
1.177095476790805 -0.11852060529759259
1.178504562019941 -0.11796773756040731
1.1799079036580475 -0.11741413038885816
1.1813054657159872 -0.11685978593813628
1.1826972122697792 -0.116304706367836
1.1840831074610492 -0.11574889384205239
1.1854631154980246 -0.11519235052926019
1.1868372006561083 -0.11463507860236134
1.1882053272785884 -0.11407708023867724
1.1895674597774808 -0.1135183576198874
1.1909235626341237 -0.11295891293206811
1.19227360040001 -0.11239874836563281
1.193617537697288 -0.11183786611541044
1.1949553392198 -0.11127626838049914
1.1962869697335345 -0.11071395736436358
1.19761239407751 -0.1101509352747516
1.1989315771643025 -0.10958720432376072
1.2002444839809674 -0.10902276672773696
1.2015510795896474 -0.10845762470730608
1.202851329128202 -0.10789178048739667
1.204145197811126 -0.10732523629713706
1.2054326509300581 -0.10675799436992904
1.2067136538546301 -0.1061900569433742
1.2079881720330292 -0.10562142625932373
1.2092561709928504 -0.10505210456380124
1.2105176163417652 -0.1044820941070053
1.2117724737680504 -0.1039113971433752
1.213020709041645 -0.10334001593141733
1.2142622880144778 -0.1027679527338619
1.215497176621417 -0.10219520981753566
1.2167253408808203 -0.10162178945341747
1.217946746895354 -0.10104769391656808
1.2191613608525786 -0.10047292548616873
1.2203691490257913 -0.09989748644543874
1.221570077774453 -0.0993213790817476
1.222764113545187 -0.098744605686457
1.2239512228722922 -0.09816716855499151
1.2251313723784765 -0.09758906998680447
1.2263045287755028 -0.09701031228538487
1.2274706588649655 -0.09643089775820042
1.2286297295389033 -0.0958508287167197
1.22978170778045 -0.09527010747641518
1.2309265606646624 -0.09468873635667704
1.2320642553590608 -0.09410671768087002
1.233194759124366 -0.09352405377629118
1.2343180393150999 -0.09294074697419619
1.235434063380427 -0.09235679960970081
1.2365427988647126 -0.09177221402182723
1.237644213408135 -0.09118699255352335
1.2387382747475284 -0.0906011375515587
1.2398249507169274 -0.09001465136657782
1.2409042092482778 -0.08942753635306389
1.2419760183720479 -0.08883979486935568
1.2430403462180135 -0.088251429277569
1.2440971610158513 -0.08766244194362038
1.2451464310957105 -0.08707283523726567
1.246188124889065 -0.08648261153197785
1.2472222109292284 -0.08589177320501482
1.2482486578520606 -0.08530032263737758
1.2492674343966028 -0.08470826221380877
1.2502785094057607 -0.08411559432276128
1.2512818518269688 -0.08352232135637766
1.2522774307127769 -0.08292844571051382
1.253265215221532 -0.08233396978470521
1.2542451746180594 -0.08173889598213373
1.2552172782742952 -0.08114322670961947
1.2561814956698554 -0.08054696437765337
1.2571377963927757 -0.0799501114003229
1.2580861501401306 -0.0793526701953101
1.2590265267186147 -0.07875464318391347
1.2599588960452126 -0.07815603279101273
1.2608832281478888 -0.07755684144501931
1.2617994931661252 -0.07695707157792255
1.262707661351624 -0.07635672562522877
1.2636077030688841 -0.075755806025982
1.2644995887958617 -0.07515431522272703
1.2653832891246173 -0.0745522556614794
1.2662587747618568 -0.07394962979176711
1.2671260165296354 -0.07334644006656008
1.2679849853659324 -0.07274268894228528
1.268835652325301 -0.07213837887878989
1.2696779885794265 -0.07153351233936678
1.2705119654178185 -0.07092809179068386
1.2713375542483527 -0.0703221197028186
1.2721547265979245 -0.06971559854921111
1.2729634541129924 -0.06910853080669739
1.273763708560283 -0.06850091895541946
1.2745554618273394 -0.06789276547885041
1.2753386859230669 -0.06728407286382314
1.276113352978427 -0.06667484360044118
1.2768794352469928 -0.06606508018209661
1.2776369051055483 -0.06545478510545025
1.2783857350546457 -0.06484396087044471
1.2791258977192381 -0.06423260998025669
1.279857365849267 -0.06362073494128
1.2805801123202476 -0.0630083382631119
1.2812941101337696 -0.0623954224586073
1.2819993324182253 -0.061781990043739535
1.2826957524292895 -0.06116804353766931
1.283383343550497 -0.06055358546272871
1.284062079293843 -0.059938618344385186
1.284731933300372 -0.059323144711209294
1.285392879340716 -0.058707167094888005
1.2860448913156317 -0.058090688030240006
1.2866879432566665 -0.057473710055103724
1.2873220093266342 -0.05685623571040469
1.2879470638201673 -0.05623826754014997
1.2885630811643531 -0.0556198080913361
1.2891700359192306 -0.05500085991399087
1.2897679027783626 -0.05438142556113953
1.2903566565693592 -0.05376150758881857
1.290936272254472 -0.05314110855601108
1.2915067249310903 -0.05252023102468644
1.292067989832357 -0.051898877559704876
1.2926200423276122 -0.051277050728909264
1.2931628579230035 -0.050654753103031504
1.2936964122620283 -0.050031987255667126
1.2942206811259824 -0.04940875576336053
1.2947356404345929 -0.04878506120547
1.2952412662464956 -0.04816090616421218
1.2957375347597773 -0.04753629322462588
1.2962244223124517 -0.046911224974617485
1.2967019053830666 -0.04628570400483734
1.297169960591134 -0.04565973290877504
1.297628564697744 -0.045033314282616914
1.2980776946059416 -0.044406450725411106
1.2985173273613744 -0.043779144838869063
1.2989474401527414 -0.04315139922742713
1.299368010312266 -0.04252321649827986
1.2997790153162527 -0.041894599261285685
1.3001804327855786 -0.041265550128962804
1.300572240486157 -0.04063607171652523
1.3009544163294569 -0.040006166641829134
1.301326938373005 -0.039375837525340913
1.3016897848208568 -0.03874508699015003
1.302042934024068 -0.0381139176619814
1.3023863644812406 -0.03748233216906882
1.3027200548389253 -0.0368503331422802
1.303043983892158 -0.0362179232149949
1.3033581305848998 -0.035585105023157024
1.3036624740105258 -0.034951881205227756
1.303956993412308 -0.034318254402141916
1.3042416681838587 -0.03368422725734213
1.3045164778695972 -0.033049802416758804
1.3047814021652309 -0.032414982528750656
1.3050364209181933 -0.0317797702441365
1.3052815141281116 -0.0311441682161523
1.3055166619472571 -0.03050817910044022
1.3057418446809956 -0.029871805555034284
1.3059570427882359 -0.029235050240336624
1.3061622368818642 -0.028597915819136527
1.3063574077292028 -0.02796040495653921
1.3065425362524372 -0.027322520319989288
1.3067176035290566 -0.026684264579233223
1.3068825907922808 -0.026045640406329437
1.3070374794314967 -0.025406650475607025
1.3071822509926874 -0.02476729746363823
1.3073168871788414 -0.02412758404928796
1.307441369850393 -0.023487512913609593
1.3075556810256297 -0.02284708673988133
1.3076598028811084 -0.02220630821357254
1.3077537177520635 -0.021565180022372905
1.307837408132827 -0.020923704856090474
1.3079108566772253 -0.020281885406707004
1.3079740461989875 -0.01963972436830699
1.3080269596721381 -0.0189972244371408
1.3080695802314033 -0.018354388311523116
1.3081018911725992 -0.017711218691844728
1.3081238759530227 -0.017067718280610995
1.3081355181918426 -0.01642388978231751
1.308136801670481 -0.015779735903527384
1.3081277103329958 -0.015135259352804797
1.3081082282864611 -0.014490462840761179
1.3080783398013394 -0.013845349079930177
1.3080380293118548 -0.013199920784829679
1.3079872814163633 -0.01255418067194239
1.3079260808777216 -0.011908131459707852
1.3078544126236415 -0.01126177586843961
1.3077722617470549 -0.010615116620355502
1.3076796135064783 -0.009968156439624442
1.3075764533263459 -0.009320898052191533
1.3074627667973773 -0.008673344185898421
1.3073385396769186 -0.008025497570421763
1.3072037578892914 -0.007377360937276758
1.3070584075261218 -0.006728937019746647
1.3069024748466784 -0.00608022855288001
1.3067359462782333 -0.005431238273580066
1.3065588084163502 -0.004781968920410909
1.3063710480252437 -0.004132423233712742
1.3061726520380896 -0.0034826039555318987
1.3059636075573633 -0.002832513829654959
1.305743901855125 -0.0021821556014899822
1.3055135223733643 -0.0015315320181506552
1.3052724567243017 -0.0008806458283995538
1.305020692690697 -0.00022949978263640258
1.304758218226143 0.00042190336714667266
1.3044850214553878 0.0010735608673290737
1.3042010906746193 0.0017254699627127306
1.3039064143517605 0.00237762789653943
1.3036009811267637 0.003030031910498243
1.3032847798118874 0.0036826792447654574
1.3029577993920243 0.004335567137936727
1.302620029024912 0.004988692827184685
1.3022714580414694 0.005642053548157574
1.3019120759460432 0.006295646535055565
1.301541872416696 0.006949469020612759
1.3011608373054546 0.007603518236151091
1.3007689606385875 0.008257791411573628
1.3003662326168783 0.008912285775362754
1.2999526436158437 0.0095669985546617
1.2995281841860433 0.010221926975201754
1.2990928450532613 0.010877068261429248
1.2986466171188418 0.011532419636386732
1.2981894914598393 0.012187978321872484
1.2977214593293271 0.012843741538354766
1.2972425121566091 0.01349970650502926
1.296752641547457 0.014155870439828237
1.2962518392843467 0.014812230559433242
1.2957400973266486 0.015468784079336639
1.2952174078109209 0.016125528213769953
1.294683763051065 0.01678246017580357
1.294139155538583 0.017439577177312423
1.2935835779427318 0.018096876429064726
1.293017023110847 0.018754355140601628
1.2924394840684197 0.01941201052040881
1.2918509540193746 0.020069839775843736
1.291251426346255 0.02072784011317036
1.2906408946104175 0.02138600873757671
1.2900193525522123 0.022044342853206063
1.2893867940911612 0.022702839663183767
1.2887432133262169 0.02336149636955628
1.2880886045358386 0.024020310173420333
1.2874229621782387 0.024679278274868138
1.2867462808915437 0.025338397873018274
1.2860585554939648 0.025997666166035098
1.2853597809839465 0.02665708035116235
1.2846499525403299 0.027316637624741142
1.2839290655226043 0.02797633518214154
1.283197115470899 0.028636170217935197
1.2824540981062744 0.029296139925782238
1.281700009330787 0.02995624149852759
1.2809348452277232 0.03061647212813933
1.2801586020616578 0.03127682900580108
1.2793712762786358 0.031937309321890935
1.2785728645062457 0.032597910266051015
1.277763363553912 0.033258629027071676
1.2769427704128042 0.03391946279308921
1.2761110822561264 0.03458040875146822
1.2752682964391828 0.03524146408886431
1.2744144104994921 0.03590262599124454
1.2735494221568742 0.036563891643924075
1.272673329313607 0.03722525823154793
1.271786130054565 0.03788672293808595
1.2708878226472007 0.03854828294693993
1.2699784055417485 0.0392099354408834
1.269057877371306 0.03987167760208999
1.2681262369518846 0.04053350661218144
1.2671834832825268 0.04119541965222339
1.266229615545374 0.041857413902755644
1.2652646331058202 0.042519486543758166
1.2642885355124729 0.04318163475475103
1.263301322497298 0.043843855714761716
1.2623029939756312 0.044506146602381794
1.2612935500464006 0.04516850459568176
1.2602729909919956 0.04583092687235719
1.2592413172784112 0.04649341060968903
1.258198529555341 0.04715595298453782
1.2571446286561776 0.04781855117339525
1.2560796155980436 0.04848120235241133
1.2550034915818968 0.04914390369737407
1.253916257992549 0.04980665238374184
1.2528179163987045 0.050469445586660326
1.2517084685529285 0.051132280481019386
1.2505879163917604 0.05179515424141952
1.2494562620357896 0.052458064042161696
1.2483135077895047 0.05312100705736781
1.247159656141459 0.05378398046091057
1.2459947097642263 0.05444698142646779
1.244818671514437 0.05511000712752481
1.243631544432759 0.05577305473740763
1.242433331743924 0.05643612142928916
1.2412240368567593 0.05709920437618868
1.2400036633641105 0.057762300751031816
1.2387722150428853 0.05842540772663933
1.2375296958540043 0.0590885224757665
1.2362761099424455 0.059751642171088866
1.235011461637224 0.060414763985222435
1.2337357554512884 0.0610778850907842
1.2324489960815967 0.06174100266035708
1.2311511884089876 0.06240411386655982
1.2298423374982757 0.06306721588199843
1.2285224485980843 0.0637303058793521
1.2271915271409337 0.06439338103132512
1.225849578743034 0.06505643851074751
1.2244966092044365 0.0657194754904936
1.2231326245087775 0.0663824891436012
1.221757630823452 0.06704547664317807
1.2203716344993614 0.06770843516251422
1.2189746420708787 0.0683713618750862
1.217566660255989 0.0690342539544768
1.2161476959558675 0.06969710857456039
1.2147177562551035 0.07035992290938009
1.2132768484215177 0.07102269413321613
1.211824979906134 0.07168541942058013
1.210362158342914 0.07234809594631522
1.2088883915489497 0.07301072088548688
1.2074036875241454 0.07367329141350315
1.2059080544512382 0.07433580470608128
1.204401500695675 0.07499825793927577
1.2028840348054457 0.07566064828952505
1.2013556655111808 0.0763229729335809
1.1998164017257378 0.0769852290486577
1.1982662525443362 0.07764741381234365
1.1967052272443406 0.07830952440266109
1.1951333352851683 0.07897155799807318
1.1935505863081888 0.07963351177749169
1.1919569901364389 0.08029538292036044
1.1903525567747892 0.08095716860654897
1.1887372964095047 0.08161886601649772
1.1871112194082944 0.08228047233115642
1.1854743363201135 0.08294198473202678
1.183826657875037 0.08360340040117094
1.1821681949840457 0.08426471652125617
1.1804989587389618 0.0849259302755369
1.1788189604122454 0.08558703884789126
1.177128211456886 0.08624803942281875
1.1754267235061109 0.0869089291855079
1.1737145083733695 0.08756970532179474
1.1719915780521215 0.08823036501819707
1.1702579447155552 0.08889090546197287
1.1685136207165856 0.08955132384107096
1.166758618587528 0.09021161734420365
1.1649929510400185 0.09087178316082478
1.1632166309647187 0.09153181848118698
1.1614296714312142 0.09219172049632578
1.1596320856877895 0.09285148639808816
1.157823887161265 0.09351111337913652
1.1560050894566865 0.09417059863300649
1.1541757063571962 0.09482993935409502
1.1523357518238881 0.09548913273765576
1.1504852399954664 0.09614817597986174
1.1486241851881118 0.09680706627779366
1.1467526018951986 0.09746580082947949
1.1448705047871632 0.09812437683387908
1.1429779087111767 0.09878279149093716
1.1410748286909773 0.0994410420015784
1.139161279926658 0.10009912556771734
1.137237277794351 0.10075703939230286
1.1353028378460235 0.10141478067932237
1.1333579758091805 0.1020723466338373
1.1314027075868087 0.10272973446193509
1.1294370492569104 0.10338694137081923
1.1274610170722843 0.10404396456881439
1.125474627460362 0.10470080126535156
1.1234778970228776 0.10535744867100848
1.1214708425356523 0.10601390399751022
1.1194534809481884 0.10667016445779162
1.1174258293836372 0.1073262272659354
1.1153879051382916 0.10798208963726572
1.113339725681406 0.10863774878833231
1.1112813086548752 0.10929320193694016
1.1092126718730742 0.10994844630212688
1.1071338333223966 0.1106034791042343
1.1050448111610691 0.11125829756489188
1.102945623718802 0.11191289890705017
1.100836289496566 0.1125672803549744
1.0987168271661236 0.11322143913431287
1.0965872555699037 0.11387537247205774
1.0944475937206695 0.11452907759656941
1.0922978608010514 0.11518255173764053
1.0901380761634334 0.11583579212645133
1.0879682593293518 0.11648879599567141
1.0857884299896197 0.11714156057934207
1.0835986080035398 0.11779408311303177
1.0813988133988055 0.11844636083378386
1.0791890663711523 0.11909839098013786
1.0769693872840016 0.11975017079215239
1.0747397966680725 0.12040169751143667
1.0725003152210864 0.12105296838115276
1.070250963807497 0.12170398064601043
1.0679917634579488 0.12235473155234014
1.0657227353691097 0.12300521834805557
1.0634439009031253 0.12365543828272516
1.0611552815875331 0.12430538860751073
1.058856899114607 0.1249550665752674
1.0565487753411198 0.12560446944052414
1.0542309322880874 0.12625359445946832
1.0519033921401724 0.1269024388900257
1.0495661772454437 0.12755099999183894
1.0472193101148666 0.12819927502632053
1.0448628134222706 0.12884726125657306
1.042496710003486 0.12949495594753768
1.0401210228562574 0.13014235636592744
1.0377357751397707 0.13078945978026646
1.0353409901742512 0.13143626346090814
1.0329366914406042 0.13208276468004174
1.030522902579935 0.1327289607117296
1.0280996473932809 0.1333748488318878
1.02566694984099 0.13402042631835936
1.0232248340425274 0.13466569045087312
1.0207733242758272 0.13531063851112227
1.01831244497728 0.1359552677826741
1.0158422207407767 0.13659957555112792
1.013362676317629 0.13724355910404082
1.0108738366161338 0.13788721573094692
1.0083757267010385 0.1385305427234014
1.0058683717930479 0.13917353737501217
1.0033517972686168 0.13981619698139755
1.0008260286592876 0.14045851884026073
0.9982910916514551 0.1411005002513527
0.9957470120855978 0.1417421385165716
0.9931938159561455 0.14238343093989853
0.9906315294109558 0.14302437482743274
0.9880601787508082 0.1436649674874213
0.9854797904288238 0.1443052062303058
0.9828903910502345 0.14494508836868158
0.9802920073718457 0.1455846112173329
0.9776846663015486 0.14622377209325468
0.9750683948976733 0.14686256831571212
0.9724432203689184 0.14750099720615886
0.9698091700734903 0.14813905608834757
0.9671662715188819 0.1487767422882839
0.9645145523611416 0.14941405313430298
0.9618540404046878 0.150050985957014
0.959184763601628 0.1506875380893633
0.9565067500511331 0.15132370686668273
0.9538200279994193 0.15195948962659309
0.9511246258387658 0.15259488370913618
0.9484205721071952 0.15322988645674837
0.9457078954880058 0.153864495214269
0.9429866248092789 0.15449870732895407
0.940256789043335 0.1551325201505009
0.9375184173060906 0.15576593103109562
0.9347715388567605 0.15639893732537893
0.9320161830973449 0.15703153639046222
0.9292523795719206 0.15766372558598765
0.9264801579661198 0.15829550227414393
0.9236995481069162 0.15892686381961155
0.9209105799617829 0.1595578075896513
0.9181132836382445 0.16018833095410148
0.9153076893833612 0.16081843128539028
0.9124938275833019 0.16144810595852768
0.909671728762581 0.1620773523511722
0.9068414235836537 0.16270616784361647
0.9040029428463936 0.16333454981879855
0.9011563174876143 0.16396249566230353
0.8983015785801649 0.16459000276245775
0.8954387573328754 0.1652170685102357
0.8925678850896419 0.16584369029935522
0.8896889933289936 0.16646986552626644
0.8868021136635361 0.16709559159016726
0.8839072778394194 0.1677208658930129
0.8810045177356569 0.16834568583955703
0.8780938653636936 0.16897004883733854
0.8751753528667177 0.1695939522967231
0.8722490125193318 0.1702173936308669
0.8693148767265596 0.17084037025582227
0.8663729780235693 0.17146287959048878
0.8634233490751633 0.1720849190566151
0.860466022674875 0.17270648607888248
0.8575010317447429 0.17332757808484492
0.8545284093344419 0.1739481925050042
0.851548188620863 0.17456832677279013
0.8485604029073759 0.17518797832460667
0.8455650856234144 0.17580714459981012
0.8425622703237522 0.17642582304075136
0.8395519906879648 0.177044011092779
0.8365342805198916 0.17766170620424196
0.8335091737465772 0.17827890582659806
0.8304767044183733 0.17889560741428465
0.8274369067080047 0.1795118084248011
0.8243898149097451 0.18012750631876764
0.8213354634390728 0.18074269855988573
0.8182738868320402 0.1813573826149573
0.8152051197445414 0.18197155595392298
0.8121291969517566 0.1825852160498646
0.8090461533473869 0.183198360379049
0.8059560239435276 0.18381098642084454
0.8028588438693316 0.18442309165787754
0.7997546483707685 0.18503467357597028
0.7966434728100922 0.1856457296641371
0.7935253526649826 0.18625625741464394
0.7904003235280279 0.18686625432300055
0.7872684211060161 0.18747571788798958
0.7841296812191832 0.1880846456117033
0.7809841398011373 0.18869303499944895
0.7778318328973339 0.1893008835599349
0.7746727966651004 0.1899081888051555
0.7715070673728351 0.1905149482504361
0.7683346813991803 0.19112115941448204
0.7651556752325458 0.19172681981935974
0.7619700854702879 0.19233192699054366
0.7587779488183639 0.19293647845687203
0.7555793020903385 0.1935404717506257
0.7523741822068345 0.19414390440752172
0.7491626261948738 0.19474677396672757
0.745944671187374 0.19534907797084608
0.7427203544222454 0.19595081396597439
0.7394897132416505 0.19655197950173234
0.7362527850918568 0.1971525721311798
0.7330096075218935 0.19775258941095622
0.7297602181833487 0.19835202890120815
0.7265046548293254 0.19895088816567147
0.723242955314245 0.19954916477159787
0.7199751575927005 0.20014685628985526
0.716701299718995 0.20074396029490205
0.7134214198465123 0.20134047436479185
0.7101355562269203 0.20193639608120853
0.7068437472093616 0.202531723029503
0.7035460312399923 0.20312645279866615
0.7002424468613629 0.20372058298133075
0.6969330327114313 0.20431411117383938
0.6936178275229441 0.20490703497624468
0.6902968701228133 0.20549935199231115
0.6869701994316675 0.20609105982948495
0.6836378544625862 0.2066821560990096
0.6802998743207946 0.20727263841586957
0.6769562982030753 0.20786250439878465
0.6736071653965009 0.2084517516703238
0.6702525152783775 0.2090403778568046
0.666892387315037 0.20962838058839586
0.6635268210615871 0.21021575749905114
0.6601558561607503 0.2108025062266019
0.6567795323423737 0.21138862441273268
0.653397889422688 0.2119741097029999
0.6500109673037366 0.21255895974682126
0.6466188059723688 0.21314317219753995
0.6432214454996262 0.21372674471242017
0.6398189260402998 0.21430967495261408
0.6364112878318061 0.21489196058324458
0.6329985711935423 0.21547359927340604
0.6295808165263563 0.21605458869614477
0.6261580643118585 0.21663492652846691
0.6227303551113024 0.21721461045141902
0.6192977295651876 0.21779363815004535
0.6158602283925563 0.21837200731339745
0.6124178923899742 0.21894971563459667
0.6089707624311358 0.2195267608107908
0.6055188794657929 0.22010314054322458
0.6020622845192953 0.22067885253720707
0.598601018691923 0.22125389450211427
0.5951351231576011 0.22182826415149354
0.5916646391637165 0.22240195920298486
0.5881896080303847 0.22297497737833344
0.5847100711492494 0.22354731640347916
0.5812260699831096 0.2241189740085089
0.5777376460650934 0.22468994792768363
0.5742448409978506 0.22526023589946226
0.5707476964529153 0.22582983566649695
0.5672462541697656 0.22639874497567825
0.5637405559553295 0.2269669615781068
0.5602306436830303 0.22753448322914022
0.5567165592921756 0.2281013076883835
0.5531983447870038 0.228667432719735
0.5496760422362511 0.2292328560913481
0.5461496937720919 0.2297975755756936
0.5426193415894469 0.23036158894956263
0.5390850279454894 0.23092489399403782
0.5355467951584867 0.23148748849457088
0.5320046856072949 0.23204937024095487
0.5284587417305274 0.23261053702734907
0.5249090060258772 0.23317098665227898
0.521355521049189 0.23373071691867564
0.5177983294138252 0.23428972563386846
0.5142374737897778 0.23484801060961769
0.5106729969032922 0.2354055696620667
0.5071049415355289 0.23596240061184487
0.5035333505219803 0.2365185012840515
0.499958266752207 0.23707386950819062
0.4963797331682396 0.23762850311831293
0.4927977927645044 0.2381823999529208
0.4892124885866357 0.23873555785504616
0.4856238637308892 0.2392879746722346
0.4820319613433278 0.2398396482565649
0.47843682461912107 0.2403905764646509
0.4748384968015169 0.24094075715769345
0.4712370211815781 0.24149018820141488
0.46763244109682467 0.24203886746616116
0.46402479993063406 0.24258679282688744
0.46041414111199197 0.2431339621630908
0.456800508113804 0.2436803733589615
0.45318394445288257 0.2442260243032795
0.4495644936887211 0.24477091288949498
0.4459421994229917 0.24531503701569912
0.4423171052987253 0.24585839458464298
0.43868925499912614 0.24640098350381076
0.4350586922475731 0.24694280168531518
0.43142546080601707 0.2474838470460329
0.42778960447484304 0.2480241175075209
0.42415116709150724 0.24856361099611515
0.42051019253059246 0.24910232544281888
0.4168667247019672 0.24964025878347165
0.4132208075508095 0.2501774089586421
0.4095724850565165 0.2507137739136854
0.4059218012320702 0.2512493515987338
0.4022688001229366 0.2517841399687552
0.3986135258065867 0.2523181369835199
0.3949560223917269 0.25285134060761133
0.39129633401721564 0.25338374881048076
0.38763450485168527 0.2539153595664007
0.3839705790922959 0.2544461708545432
0.3803046009644182 0.254976180658924
0.3766366147204412 0.2555053869684733
0.37296666463938044 0.2560337877769902
0.3692947950256791 0.2565613810832144
0.36562105020871577 0.25708816489079517
0.361945474541962 0.2576141372083112
0.3582681124019991 0.25813929604931035
0.35458900818821015 0.2586636394322527
0.3509082063214951 0.2591871653805933
0.34722575124343524 0.25970987192280043
0.3435416874160948 0.26023175709228313
0.33985605932072327 0.2607528189274754
0.3361689114571772 0.261273055471818
0.3324802883429462 0.26179246477379564
0.3287902345126862 0.2623110448869037
0.325098794517084 0.26282879386970803
0.32140601292233983 0.2633457097858185
0.31771193430903344 0.26386179070394844
0.31401660327197717 0.26437703469783663
0.31032006441868554 0.2648914398463619
0.30662236236903795 0.26540500423349134
0.3029235417543681 0.265917725948309
0.2992236472167186 0.26642960308502045
0.29552272340799146 0.2669406337429731
0.29182081498911683 0.2674508160266727
0.2881179666295799 0.267960148045751
0.2844142230061427 0.2684686279150449
0.2807096288024098 0.26897625375455797
0.27700422870786345 0.2694830236894964
0.27329806741741347 0.26998893585023354
0.2695911896300667 0.2704939883723951
0.26588364004849135 0.27099817939682175
0.2621754633783091 0.2715015070695699
0.25846670432705 0.2720039695419569
0.2547574076034962 0.2725055649705546
0.2510476179168931 0.27300629151720046
0.24733737997633062 0.2735061473489854
0.2436267384894812 0.2740051306383291
0.23991573816233622 0.27450323956292005
0.2362044236980831 0.2750004723057719
0.2324928397967414 0.2754968270551774
0.22878103115370985 0.27599230200480873
0.2250690424596878 0.2764868953536335
0.22135691839922697 0.2769806053060141
0.2176447036506575 0.27747343007162356
0.21393244288477978 0.277965367865526
0.2102201807641907 0.27845641690817263
0.20650796194266277 0.27894657542539075
0.20279583106434354 0.2794358416483966
0.19908383276262062 0.27992421381385246
0.19537201165982288 0.28041169016381334
0.19166041236634315 0.28089826894575026
0.18794907947953726 0.2813839484126026
0.18423805758332126 0.281868726822739
0.18052739124719233 0.2823526024399937
0.17681712502553998 0.28283557353366523
0.17310730345678652 0.283317638378537
0.1693979710626912 0.28379879525487717
0.16568917234765618 0.2842790424484378
0.16198095179774497 0.28475837825049183
0.15827335387995142 0.28523680095783716
0.15456642304163573 0.2857143088727795
0.15086020370964584 0.286190900303156
0.14715474028941972 0.28666657356236136
0.14345007716423278 0.2871413269693548
0.13974625869472881 0.28761515884863137
0.1360433292178125 0.2880880675302749
0.13234133304600978 0.28856005134995116
0.12864031446664714 0.28903110864892395
0.12494031774140613 0.28950123777402414
0.12124138710496896 0.2899704370777336
0.11754356676473993 0.290438704918133
0.11384690089987179 0.2909060396589379
0.11015143366072805 0.2913724396694794
0.10645720916772711 0.2918379033247633
0.10276427151094206 0.29230242900543385
0.09907266474920404 0.2927660150978001
0.09538243290932058 0.2932286599938479
0.09169361998538472 0.2936903620912407
0.08800626993799163 0.2941511197933319
0.08432042669342668 0.2946109315091807
0.08063613414310583 0.2950697956535372
0.07695343614257255 0.2955277106468817
0.07327237651082807 0.295984674915424
0.06959299902977142 0.2964406868910881
0.06591534744319721 0.2968957450115523
0.06223946545613454 0.2973498477202471
0.05856539673415587 0.29780299346635675
0.05489318490261258 0.29825518070483037
0.05122287354582489 0.2987064078963983
0.047554506206331226 0.29915667350758157
0.043888126384415665 0.29960597601066713
0.040223777537001654 0.3000543138837612
0.0365615030768395 0.30050168561080615
0.03290134637257344 0.3009480896814907
0.029243350746878755 0.3013935245913955
0.02558755947659777 0.301837988841895
0.021934015791487738 0.3022814809402286
0.018282762873815805 0.3027239993994688
0.014633843857451034 0.3031655427385511
0.01098730182718119 0.3036061094822756
0.007343179817946466 0.30404569816132004
0.003701520814282211 0.304484307312227
6.236774940385215e-05 0.30492193547743446
-0.0035742364956914408 0.3053585812053046
-0.007208249092316987 0.3057942430500558
-0.01083962726541629 0.3062289195718421
-0.014468328294163807 0.30666260933674655
-0.018094309512439816 0.30709531091675957
-0.02171752830980886 0.30752702288981804
-0.025337942132094754 0.3079577438397958
-0.028955508482140152 0.30838747235651653
-0.03257018492056987 0.30881620703576756
-0.03618192906619952 0.30924394647927106
-0.0397906985973574 0.3096706892947642
-0.04339645125202657 0.3100964340959392
-0.04699914482861431 0.31052117950245844
-0.05059873718713362 0.3109449241400179
-0.05419518624921177 0.31136766664027216
-0.05778844999947044 0.3117894056409219
-0.06137848648550426 0.3122101397856357
-0.06496525381935675 0.31262986772414897
-0.06854871017763117 0.31304858811220193
-0.0721288138023704 0.3134662996115683
-0.07570552300188657 0.3138830008900782
-0.07927879615113531 0.3142986906215883
-0.08284859169288217 0.31471336748604356
-0.08641486813781665 0.31512703016941807
-0.08997758406574383 0.31553967736377986
-0.09353669812589152 0.3159513077672543
-0.09709216903793066 0.3163619200840694
-0.10064395559231959 0.31677151302452405
-0.10419201665121144 0.31718008530502073
-0.1077363111490392 0.3175876356480613
-0.1112767980933356 0.3179941627822702
-0.11481343656509402 0.31839966544236514
-0.11834618571966711 0.31880414236918936
-0.12187500478766106 0.3192075923097437
-0.12539985307493928 0.31961001401711703
-0.12892068996399533 0.32001140625057317
-0.13243747491407776 0.3204117677754958
-0.1359501674625053 0.3208110973634688
-0.13945872722434088 0.3212093937921702
-0.14296311389399047 0.32160665584548537
-0.14646328724553986 0.32200288231347657
-0.1499592071330148 0.32239807199234444
-0.15345083349159444 0.3227922236844974
-0.15693812633819604 0.3231853361985501
-0.1604210457716708 0.32357740834927834
-0.16389955197387168 0.3239684389576723
-0.16737360521020206 0.32435842685093147
-0.17084316583011414 0.3247473708624547
-0.17430819426814748 0.32513526983189
-0.1777686510439015 0.32552212260506597
-0.18122449676334518 0.32590792803407265
-0.1846756921190873 0.3262926849772265
-0.18812219789091694 0.32667639229906587
-0.19156397494672017 0.3270590488703882
-0.19500098424310292 0.32744065356825514
-0.1984331868258177 0.3278212052759758
-0.20186054383021595 0.32820070288309305
-0.20528301648256142 0.32857914528546567
-0.20870056609980658 0.3289565313851804
-0.21211315409089887 0.329332860090633
-0.21552074195691423 0.32970813031648105
-0.21892329129190452 0.33008234098367417
-0.22232076378360444 0.33045549101947047
-0.22571312121361314 0.3308275793573943
-0.22910032545856568 0.33119860493730346
-0.23248233849030867 0.3315685667053474
-0.23585912237670192 0.33193746361399395
-0.23923063928201865 0.3323052946220126
-0.2425968514678448 0.3326720586945123
-0.24595772129361881 0.3330377548029401
-0.24931321121671154 0.33340238192503086
-0.2526632837938082 0.33376593904489715
-0.256007901680949 0.33412842515297525
-0.2593470276343314 0.33448983924605297
-0.2626806245107228 0.33485018032725605
-0.2660086552682001 0.33520944740606984
-0.26933108296678376 0.33556763949834967
-0.2726478707688638 0.33592475562630947
-0.27595898193963037 0.3362807948185105
-0.2792643798480173 0.33663575610990615
-0.2825640279671022 0.3369896385418281
-0.285857889874523 0.3373424411619743
-0.2891459292532126 0.3376941630244319
-0.29242810989196844 0.33804480318968205
-0.29570439568599716 0.3383943607246028
-0.29897475063720585 0.338742834702445
-0.3022391388551686 0.3390902242028799
-0.3054975245574592 0.33943652831198046
-0.30874987207027516 0.33978174612223305
-0.3119961458288392 0.3401258767325262
-0.3152363103780044 0.34046891924816064
-0.31847033037297057 0.34081087278087224
-0.3216981705795999 0.34115173644881186
-0.32491979587499115 0.34149150937655315
-0.3281351712481222 0.34183019069510806
-0.3313442618004096 0.34216777954193317
-0.334547032745796 0.34250427506088715
-0.337743449411948 0.3428396764023049
-0.3409334772403717 0.34317398272295846
-0.3441170817869829 0.3435071931860654
-0.34729422872257343 0.34383930696128706
-0.35046488383343655 0.34417032322474367
-0.3536290130219937 0.3445002411590293
-0.3567865823069119 0.3448290599531743
-0.3599375578240238 0.3451567788026918
-0.36308190582661426 0.34548339690955787
-0.366219592685994 0.34580891348222254
-0.3693505848918428 0.3461333277355964
-0.37247484905289274 0.34645663889107337
-0.375592351897499 0.3467788461765415
-0.3787030602739092 0.34709994882636286
-0.38180694115066655 0.3474199460813683
-0.38490396161745355 0.34773883718889653
-0.3879940888854039 0.34805662140278
-0.39107729028738464 0.3483732979833269
-0.39415353327877245 0.3486888661973549
-0.3972227854378427 0.34900332531818506
-0.4002850144660665 0.34931667462562643
-0.403340188188777 0.34962891340599905
-0.4063882745555951 0.34994004095213244
-0.40942924164086814 0.35025005656336533
-0.41246305764406366 0.35055895954554156
-0.4154896908903475 0.35086674921102484
-0.41850910983095657 0.3511734248786926
-0.421521283043726 0.35147898587394605
-0.42452617923340724 0.35178343152869923
-0.4275237672322715 0.352086761181397
-0.43051401600041206 0.35238897417700327
-0.4334968946263046 0.35269006986701495
-0.4364723723270924 0.35299004760944885
-0.43944041844918735 0.3532889067688605
-0.44240100246871455 0.35358664671634726
-0.4453540939916318 0.3538832668295194
-0.44829966275456173 0.3541787664925427
-0.4512376786249739 0.3544731450961161
-0.4541681116016216 0.3547664020374753
-0.45709093181506466 0.35505853672040494
-0.4600061095279746 0.3553495485552296
-0.46291361513564977 0.35563943695882566
-0.4658134191662312 0.3559282013546038
-0.46870549228134706 0.3562158411725346
-0.4715898052763753 0.35650235584913575
-0.47446632908095165 0.35678774482748465
-0.4773350347590365 0.3570720075571871
-0.48019589350986486 0.35735514349443376
-0.4830488766678389 0.3576371521019521
-0.4858939557032295 0.357918032849039
-0.4887311022223003 0.35819778521153617
-0.491560287967906 0.3584764086718526
-0.49438148481983035 0.35875390271896196
-0.4971946647950113 0.35903026684838885
-0.4999998000480885 0.35930550056222693
-0.5027968628717557 0.35957960336913847
-0.5055858256970512 0.35985257478434757
-0.5083666610936307 0.36012441432963266
-0.5111393417703565 0.3603951215333494
-0.5139038405755959 0.360664695930426
-0.5166601304974724 0.3609331370623537
-0.5194081846641483 0.361200444477181
-0.5221479763444377 0.3614666177295403
-0.5248794789480987 0.361731656380643
-0.5276026660257405 0.361995559998238
-0.5303175112698078 0.3622583281566754
-0.5330239885145123 0.362519960436867
-0.5357220717363287 0.362780456426303
-0.5384117350541372 0.3630398157190345
-0.541092952729758 0.36329803791569343
-0.5437656991681323 0.3635551226234798
-0.5464299489178677 0.3638110694561829
-0.5490856766711611 0.3640658780341443
-0.5517328572644649 0.3643195479842914
-0.554371465678767 0.3645720789401347
-0.5570014770395073 0.36482347054173064
-0.5596228666175105 0.3650737224357413
-0.5622356098287626 0.3653228342753847
-0.5648396822349986 0.36557080572046186
-0.5674350595438464 0.3658176364373426
-0.5700217176092242 0.3660633260989754
-0.5725996324314903 0.3663078743848739
-0.5751687801580105 0.36655128098114337
-0.577729137083036 0.3667935455804419
-0.5802806796483052 0.36703466788201117
-0.5828233844433113 0.36727464759167444
-0.5853572282052083 0.36751348442180193
-0.5878821878196395 0.367751178091363
-0.5903982403205706 0.36798772832588467
-0.5929053628907762 0.368223134857472
-0.5954035328619018 0.3684573974247889
-0.5978927277149159 0.36869051577307566
-0.6003729250803371 0.3689224896541459
-0.6028441027384572 0.36915331882638297
-0.6053062386194028 0.3693830030547218
-0.6077593108037899 0.3696115421106866
-0.6102032975225723 0.3698389357723529
-0.6126381771574229 0.3700651838243602
-0.615063928241076 0.37029028605792114
-0.6174805294573937 0.3705142422708046
-0.6198879596417953 0.37073705226735376
-0.6222861977811003 0.3709587158584492
-0.624675223014286 0.3711792328615575
-0.6270550146322577 0.3713986031006885
-0.6294255520782539 0.37161682640641136
-0.6317868149481245 0.37183390261585963
-0.634138782990344 0.3720498315727114
-0.6364814361064263 0.3722646131272076
-0.6388147543509703 0.3724782471361357
-0.641138717931906 0.3726907334628326
-0.6434533072107942 0.3729020719771927
-0.6457585027029371 0.37311226255565855
-0.6480542850774023 0.37332130508120415
-0.650340635157517 0.3735291994433614
-0.6526175339210102 0.37373594553821426
-0.6548849624997637 0.37394154326835854
-0.657142902180642 0.3741459925429588
-0.6593913344052177 0.3743492932777061
-0.6616302407701126 0.3745514453948315
-0.6638596030269689 0.3747524488230863
-0.6660794030829448 0.37495230349777
-0.6682896230006815 0.375151009360711
-0.6704902449984816 0.3753485663602658
-0.67268125145037 0.37554497445130913
-0.6748626248863347 0.3757402335952393
-0.6770343479927023 0.37593434375999657
-0.6791964036117766 0.37612730492001567
-0.6813487747424561 0.37631911705626586
-0.6834914445401113 0.3765097801562252
-0.685624396316878 0.37669929421389264
-0.6877476135415269 0.3768876592297617
-0.6898610798399673 0.3770748752108516
-0.6919647789950638 0.3772609421706774
-0.6940586949469941 0.3774458601292681
-0.6961428117930896 0.3776296291131394
-0.6982171137881863 0.37781224915531203
-0.7002815853447553 0.3779937202953102
-0.7023362110327684 0.37817404257913784
-0.704380975580064 0.3783532160592982
-0.7064158638723046 0.37853124079477873
-0.7084408609532001 0.3787081168510585
-0.7104559520243656 0.37888384430008454
-0.7124611224457518 0.3790584232202988
-0.7144563577354877 0.3792318536966127
-0.7164416435700031 0.37940413582040794
-0.7184169657841791 0.37957526968953864
-0.7203823103714488 0.37974525540833026
-0.7223376634838196 0.37991409308757157
-0.7242830114318761 0.38008178284450533
-0.7262183406850204 0.38024832480283943
-0.728143637871448 0.38041371909273575
-0.7300588897782275 0.3805779658508083
-0.7319640833512234 0.3807410652201076
-0.7338592056955311 0.38090301735014975
-0.7357442440751212 0.38106382239687775
-0.737619185913047 0.3812234805226712
-0.7394840187916224 0.3813819918963538
-0.7413387304522996 0.38153935669317557
-0.7431833087957508 0.38169557509481233
-0.7450177418819295 0.38185064728936396
-0.7468420179301392 0.3820045734713535
-0.7486561253189936 0.38215735384171723
-0.7504600525865602 0.3823089886078103
-0.7522537884301679 0.38245947798338464
-0.7540373217066871 0.38260882218860653
-0.7558106414325177 0.38275702145005
-0.7575737367833074 0.3829040760006676
-0.7593265970943626 0.3830499860798201
-0.7610692118604585 0.383194751933255
-0.7628015707358842 0.383338373813106
-0.7645236635343295 0.3834808519778789
-0.7662354802291701 0.383622186692471
-0.7679370109531386 0.3837623782281398
-0.7696282459986223 0.38390142686252354
-0.7713091758173353 0.38403933287961084
-0.772979791020664 0.3841760965697655
-0.774640082379414 0.38431171822970217
-0.7762900408237476 0.38444619816247894
-0.7779296574433935 0.3845795366775111
-0.7795589234874729 0.38471173409055454
-0.7811778303644975 0.38484279072370314
-0.7827863696422864 0.38497270690538
-0.7843845330480913 0.3851014829703454
-0.785972312468421 0.3852291192596809
-0.787549699948957 0.38535561612078106
-0.7891166876947272 0.38548097390736596
-0.7906732680698988 0.3856051929794634
-0.792219433597764 0.3857282737034067
-0.7937551769606153 0.385850216451824
-0.7952804909998723 0.385971021603648
-0.7967953687158498 0.3860906895440968
-0.7982998032678325 0.3862092206646797
-0.7997937879738991 0.3863266153631835
-0.8012773163108904 0.3864428740436698
-0.8027503819144151 0.3865579971164759
-0.8042129785786513 0.38667198499820027
-0.8056651002564162 0.38678483811170766
-0.8071067410589203 0.386896556886112
-0.8085378952559045 0.3870071417567873
-0.8099585572752493 0.3871165931653389
-0.8113687217032034 0.38722491155962274
-0.812768383284097 0.3873320973937244
-0.8141575369203655 0.38743815112796315
-0.8155361776723319 0.38754307322887693
-0.8169043007581867 0.38764686416922295
-0.8182619015539032 0.3877495244279736
-0.8196089755930247 0.3878510544903027
-0.8209455185667436 0.38795145484759397
-0.8222715263235717 0.3880507259974189
-0.8235869948694264 0.3881488684435464
-0.8248919203673086 0.38824588269592125
-0.8261862991373654 0.3883417692706725
-0.8274701276566913 0.38843652869010165
-0.8287434025592499 0.38853016148268044
-0.8300061206355689 0.3886226681830321
-0.8312582788328616 0.38871404933194376
-0.8324998742547385 0.3888043054763497
-0.8337309041610583 0.38889343716932406
-0.8349513659679011 0.38898144497008336
-0.8361612572473103 0.3890683294439719
-0.8373605757272069 0.38915409116246036
-0.8385493192912273 0.38923873070313825
-0.8397274859785294 0.38932224864970527
-0.8408950739837635 0.38940464559197335
-0.8420520816567142 0.3894859221258471
-0.8431985075023378 0.3895660788533306
-0.8443343501804812 0.38964511638251337
-0.8454596085057908 0.3897230353275689
-0.8465742814473789 0.38979983630873716
-0.8476783681289117 0.38987551995233577
-0.8487718678282288 0.3899500868907396
-0.849854779977266 0.39002353776238097
-0.8509271041617587 0.39009587321173533
-0.8519888401212313 0.3901670938893262
-0.8530399877487007 0.39023720045171106
-0.8540805470904131 0.39030619356146995
-0.855110518345881 0.3903740738872137
-0.8561299018674925 0.39044084210356417
-0.8571386981603765 0.39050649889115185
-0.8581369078821467 0.39057104493660505
-0.8591245318428161 0.3906344809325508
-0.8601015710045353 0.39069680757760433
-0.8610680264813468 0.3907580255763596
-0.8620238995389522 0.3908181356393809
-0.8629691915946542 0.39087713848320593
-0.8639039042169468 0.39093503483032627
-0.864828039125415 0.390991825409188
-0.865741598190475 0.39104751095418183
-0.8666445834331721 0.39110209220563774
-0.8675369970249087 0.3911555699098147
-0.8684188412872447 0.39120794481889537
-0.8692901186916684 0.39125921769097904
-0.8701508318593578 0.39130938929007403
-0.8710009835609404 0.3913584603860903
-0.8718405767162154 0.3914064317548297
-0.8726696143939753 0.3914533041779826
-0.8734880998117296 0.39149907844311815
-0.8742960363354324 0.3915437553436761
-0.8750934274792724 0.39158733567896076
-0.8758802769054064 0.39162982025413345
-0.8766565884236719 0.3916712098802025
-0.8774223659913477 0.3917115053740174
-0.8781776137129509 0.3917507075582634
-0.8789223358398567 0.3917888172614481
-0.8796565367700991 0.39182583531789744
-0.8803802210481302 0.3918617625677487
-0.8810933933644856 0.39189659985693986
-0.8817960585555635 0.39193034803720456
-0.8824882216032762 0.3919630079660601
-0.8831698876348418 0.3919945805068034
-0.8838410619224928 0.3920250665285025
-0.8845017498831532 0.39205446690598633
-0.8851519570781653 0.3920827825198377
-0.8857916892130048 0.3921100142563854
-0.8864209521370343 0.39213616300769766
-0.8870397518431117 0.3921612296715702
-0.8876480944673703 0.39218521515152094
-0.8882459862889 0.39220812035678115
-0.8888334337294354 0.39222994620228674
-0.8894104433530367 0.39225069360866927
-0.8899770218658523 0.3922703635022502
-0.8905331761157153 0.39228895681502907
-0.8910789130919085 0.39230647448467787
-0.8916142399247816 0.39232291745452996
-0.8921391638855142 0.39233828667357445
-0.8926536923857343 0.39235258309644555
-0.8931578329772152 0.3923658076834144
-0.8936515933515605 0.3923779614003811
-0.89413498133987 0.39238904521886536
-0.8946080049124485 0.39239906011599907
-0.8950706721783634 0.3924080070745147
-0.8955229913852735 0.39241588708274044
-0.895964970918969 0.3924227011345885
-0.8963966193030897 0.39242845022954737
-0.8968179451987457 0.3924331353726728
-0.8972289574042238 0.39243675757457896
-0.8976296648546486 0.39243931785143
-0.898020076621546 0.39244081722492974
-0.8984002019126025 0.39244125672231417
-0.8987700500712597 0.39244063737634166
-0.8991296305763721 0.392438960225284
-0.8994789530418424 0.39243622631291736
-0.8998180272162811 0.39243243668851324
-0.9001468629826391 0.39242759240682906
-0.9004654703578346 0.39242169452809933
-0.9007738594924167 0.392414744118026
-0.9010720406701637 0.3924067422477699
-0.9013600243077553 0.3923976899939403
-0.9016378209543614 0.3923875884385868
-0.9019054412913019 0.3923764386691893
-0.9021628961316546 0.39236424177864865
-0.9024101964198854 0.3923509988652773
-0.902647353231459 0.3923367110327904
-0.9028743777724798 0.392321379390295
-0.903091281379294 0.39230500505228144
-0.9032980755180956 0.3922875891386143
-0.9034947717845606 0.3922691327745218
-0.9036813819034422 0.3922496370905867
-0.9038579177282022 0.39222910322273513
-0.9040243912405757 0.3922075323122307
-0.9041808145502169 0.3921849255056611
-0.904327199894286 0.3921612839549297
-0.9044635596370552 0.39213660881724477
-0.9045899062694942 0.39211090125511233
-0.9047062524088859 0.39208416243632344
-0.9048126107984086 0.3920563935339457
-0.904908994306733 0.3920275957263139
-0.9049954159276189 0.3919977701970176
-0.9050718887794967 0.39196691813489465
-0.9051384261050612 0.3919350407340176
-0.9051950412708499 0.3919021391936871
-0.9052417477668353 0.3918682147184194
-0.9052785592060029 0.391833268517937
-0.9053054893239307 0.3917973018071578
-0.9053225519783671 0.3917603158061881
-0.9053297611488109 0.39172231174030764
-0.9053271309360823 0.39168329083996223
-0.9053146755618994 0.3916432543407563
-0.9052924093684422 0.3916022034834327
-0.9052603468179333 0.3915601395138755
-0.9052185024921942 0.3915170636830892
-0.9051668910922177 0.3914729772471946
-0.9051055274377321 0.39142788146741586
-0.9050344264667571 0.3913817776100689
-0.9049536032351739 0.3913346669465541
-0.9048630729162768 0.3912865507533438
-0.9047628508003324 0.3912374303119706
-0.9046529522941344 0.39118730690901965
-0.9045333929205669 0.39113618183611853
-0.9044041883181384 0.3910840563899214
-0.9042653542405521 0.39103093187210525
-0.9041169065562313 0.39097680958935105
-0.9039588612478959 0.3909216908533429
-0.9037912344120859 0.3908655769807497
-0.9036140422587127 0.3908084692932171
-0.9034273011106074 0.39075036911735833
-0.903231027403045 0.39069127778473794
-0.9030252376833073 0.39063119663186824
-0.9028099486101954 0.39057012700019156
-0.9025851769535997 0.390508070236078
-0.9023509395939886 0.3904450276908016
-0.9021072535219882 0.39038100072054327
-0.9018541358378811 0.39031599068636974
-0.9015916037511563 0.390249998954228
-0.9013196745800313 0.3901830268949327
-0.9010383657509745 0.3901150758841538
-0.9007476947982391 0.3900461473024069
-0.9004476793633831 0.38997624253504204
-0.9001383371947977 0.3899053629722325
-0.8998196861472157 0.38983351000896155
-0.8994917441812625 0.38976068504501793
-0.8991545293629246 0.38968688948497315
-0.898808059863124 0.38961212473818263
-0.8984523539571942 0.38953639221876607
-0.8980874300244056 0.3894596933455983
-0.8977133065474912 0.3893820295423001
-0.8973300021121393 0.38930340223722315
-0.896937535406527 0.3892238128634433
-0.8965359252208004 0.3891432628587427
-0.8961251904466149 0.3890617536656054
-0.8957053500766221 0.38897928673120125
-0.8952764232039832 0.38889586350737637
-0.894838429021876 0.38881148545064176
-0.8943913868229669 0.38872615402215577
-0.8939353159989806 0.3886398706877255
-0.893470236040129 0.38855263691778147
-0.8929961665346632 0.3884644541873759
-0.8925131271683352 0.388375323976164
-0.8920211377239254 0.3882852477683979
-0.8915202180807087 0.38819422705290946
-0.8910103882139843 0.3881022633231048
-0.8904916681945299 0.38800935807694553
-0.8899640781881484 0.38791551281694625
-0.8894276384551006 0.3878207290501523
-0.888882369349618 0.3877250082881321
-0.8883282913194321 0.3876283520469722
-0.8877654249051907 0.3875307618472524
-0.8871937907400083 0.3874322392140448
-0.8866134095489101 0.38733278567689533
-0.8860243021483466 0.38723240276981574
-0.8854264894456645 0.3871310920312699
-0.8848199924385803 0.38702885500415973
-0.884204832214683 0.3869256932358171
-0.8835810299509236 0.3868216082779927
-0.8829486069130584 0.3867166016868378
-0.8823075844551277 0.38661067502289204
-0.8816579840190202 0.3865038298510855
-0.8809998271338333 0.3863960677407072
-0.8803331354154245 0.38628739026540504
-0.8796579305658425 0.38617779900316646
-0.8789742343728704 0.38606729553631697
-0.8782820687094082 0.38595588145149357
-0.8775814555330272 0.38584355833964507
-0.8768724168853855 0.3857303277960108
-0.8761549748917562 0.3856161914201173
-0.8754291517604493 0.3855011508157585
-0.874694969782232 0.38538520759097455
-0.8739524513299988 0.38526836335807246
-0.8732016188579867 0.38515061973357284
-0.8724424949014357 0.38503197833822794
-0.8716751020758995 0.38491244079698494
-0.8708994630769098 0.38479200873900427
-0.8701156006792095 0.3846706837976107
-0.8693235377364054 0.3845484676103106
-0.8685232971803323 0.38442536181876313
-0.8677149020205696 0.3843013680687765
-0.8668983753438472 0.3841764880102863
-0.8660737403135368 0.3840507232973477
-0.8652410201691823 0.38392407558813274
-0.8644002382258091 0.3837965465448953
-0.8635514178735236 0.3836681378339792
-0.8626945825768888 0.38353885112579267
-0.8618297558744371 0.38340868809480416
-0.8609569613781025 0.3832776504195254
-0.8600762227726514 0.38314573978249433
-0.8591875638152184 0.38301295787027473
-0.8582910083346865 0.3828793063734315
-0.8573865802311617 0.3827447869865204
-0.856474303475431 0.38260940140807626
-0.8555542021084985 0.3824731513406114
-0.8546263002408773 0.3823360384905789
-0.8536906220521739 0.38219806456837924
-0.8527471917904683 0.3820592312883359
-0.8517960337718851 0.38191954036870035
-0.8508371723798659 0.38177899353161215
-0.8498706320647467 0.3816375925031045
-0.8488964373432215 0.38149533901309285
-0.847914612797694 0.3813522347953472
-0.8469251830758329 0.38120828158749454
-0.8459281728899445 0.381063481130994
-0.8449236070164672 0.38091783517113037
-0.843911510295441 0.3807713454570038
-0.8428919076298633 0.3806240137415031
-0.841864823985297 0.3804758417813153
-0.8408302843891445 0.38032683133688744
-0.8397883139301865 0.3801769841724263
-0.8387389377580318 0.3800263020558852
-0.8376821810826078 0.3798747867589573
-0.8366180691734725 0.3797224400570422
-0.8355466273593962 0.37956926372925237
-0.8344678810277217 0.3794152595583872
-0.8333818556239321 0.37926042933093673
-0.8322885766509254 0.37910477483704413
-0.8311880696685505 0.3789482978705048
-0.8300803602931508 0.37879100022876677
-0.8289654741968184 0.37863288371289006
-0.8278434371069604 0.3784739501275503
-0.8267142748057373 0.3783142012810244
-0.8255780131295083 0.3781536389851765
-0.824434677968247 0.37799226505544087
-0.8232842952649686 0.3778300813108054
-0.8221268910152473 0.3776670895738084
-0.8209624912666298 0.3775032916705203
-0.8197911221180831 0.3773386894305311
-0.8186128097193854 0.3771732846869282
-0.8174275802706708 0.3770070792762976
-0.8162354600218168 0.3768400750387018
-0.8150364752718539 0.3766722738176614
-0.8138306523684959 0.376503677460153
-0.8126180177075524 0.3763342878165915
-0.8113985977323552 0.37616410674081346
-0.8101724189332088 0.37599313609006424
-0.8089395078467922 0.3758213777249782
-0.8076998910557616 0.37564883350958694
-0.8064535951880274 0.3754755053112822
-0.8052006469162343 0.37530139500080684
-0.8039410729573244 0.3751265044522573
-0.8026749000717983 0.37495083554304454
-0.8014021550633078 0.3747743901539002
-0.800122864778048 0.3745971701688556
-0.7988370561042161 0.37441917747522957
-0.7975447559714219 0.37424041396360985
-0.7962459913501821 0.3740608815278456
-0.7949407892512956 0.37388058206502384
-0.7936291767254587 0.37369951747547875
-0.7923111808625142 0.3735176896627505
-0.7909868287909507 0.37333510053357866
-0.7896561476774998 0.3731517519979086
-0.7883191647263214 0.37296764596884174
-0.7869759071786865 0.37278278436265383
-0.7856264023123195 0.37259716909876617
-0.7842706774408706 0.37241080209973537
-0.7829087599133373 0.3722236852912353
-0.7815406771135136 0.37203582060204304
-0.7801664564595081 0.37184720996403475
-0.7787861254031464 0.37165785531216455
-0.7773997114293685 0.3714677585844437
-0.7760072420557755 0.37127692172193955
-0.7746087448320662 0.3710853466687595
-0.7732042473393672 0.3708930353720205
-0.7717937771898675 0.37069998978186
-0.7703773620261114 0.37050621185139987
-0.7689550295205793 0.3703117035367501
-0.7675268073750965 0.37011646679698856
-0.7660927233201547 0.3699205035941288
-0.7646528051146209 0.36972381589314096
-0.7632070805449906 0.36952640566191
-0.7617555774248975 0.369328274871229
-0.7602983235946085 0.3691294254947906
-0.7588353469204792 0.36892985950917295
-0.7573666752942501 0.3687295788938031
-0.7558923366328173 0.36852858563098617
-0.7544123588772994 0.3683268817058379
-0.7529267699929358 0.36812446910633007
-0.7514355979681551 0.3679213498232235
-0.7499388708142034 0.36771752585007683
-0.7484366165646373 0.36751299918323677
-0.7469288632747333 0.3673077718218168
-0.7454156390209219 0.3671018457676797
-0.7438969719002719 0.366895223025426
-0.7423728900300417 0.36668790560239195
-0.7408434215469909 0.36647989550861493
-0.73930859460689 0.3662711947568252
-0.7377684373841464 0.36606180536245364
-0.7362229780709815 0.3658517293435785
-0.7346722448770872 0.3656409687209372
-0.7331162660290758 0.3654295255179094
-0.7315550697699276 0.3652174017605004
-0.7299886843584362 0.3650045994773237
-0.7284171380686869 0.364791120699588
-0.7268404591895129 0.3645769674610814
-0.7252586760240506 0.36436214179816817
-0.723671816889068 0.3641466457497556
-0.7220799101145221 0.3639304813572909
-0.7204829840430808 0.3637136506647541
-0.7188810670294832 0.36349615571862787
-0.7172741874400018 0.36327799856788207
-0.7156623736521132 0.36305918126398545
-0.714045654053768 0.36283970586086406
-0.7124240570428931 0.3626195744148898
-0.7107976110269665 0.3623987889848796
-0.7091663444224379 0.3621773516320731
-0.7075302856542184 0.36195526442012
-0.7058894631550694 0.36173252941505285
-0.7042439053652589 0.361509148685297
-0.702593640731903 0.36128512430163684
-0.7009386977085184 0.36106045833721107
-0.6992791047544386 0.36083515286748896
-0.6976148903343059 0.3606092099702573
-0.6959460829177229 0.3603826317256282
-0.6942727109784802 0.36015542021598973
-0.6925948029941648 0.35992757752600796
-0.6909123874456893 0.3596991057426182
-0.6892254928167981 0.35947000695501236
-0.6875341475933539 0.3592402832545975
-0.6858383802630386 0.3590099367350096
-0.6841382193148368 0.3587789694920977
-0.6824336932384137 0.3585473836238942
-0.6807248305236111 0.3583151812306004
-0.6790116596600329 0.35808236441458424
-0.6772942091365773 0.3578489352803709
-0.6755725074407684 0.35761489593460566
-0.6738465830583424 0.3573802484860513
-0.6721164644727589 0.3571449950455757
-0.6703821801647298 0.3569091377261402
-0.6686437586116504 0.35667267864277674
-0.6669012282870526 0.35643561991256567
-0.6651546176603141 0.35619796365464973
-0.6634039551959757 0.3559597119901936
-0.6616492693532423 0.35572086704236916
-0.6598905885856059 0.35548143093635626
-0.6581279413403155 0.35524140579932345
-0.6563613560578528 0.3550007937604084
-0.6545908611714378 0.35475959695070297
-0.6528164851064745 0.35451781750322947
-0.6510382562803384 0.35427545755296375
-0.6492562031015445 0.3540325192367734
-0.6474703539694454 0.35378900469342806
-0.6456807372737688 0.3535449160635875
-0.6438873813940212 0.3533002554897721
-0.6420903146990714 0.35305502511635656
-0.6402895655466502 0.3528092270895528
-0.6384851622829382 0.35256286355740424
-0.636677133242029 0.35231593666976335
-0.6348655067453436 0.35206844857826197
-0.633050311101459 0.3518204014363382
-0.6312315746052878 0.3515717973991744
-0.6294093255378043 0.3513226386237099
-0.627583592165465 0.3510729272686112
-0.6257544027399808 0.3508226654942908
-0.6239217854975041 0.35057185546284547
-0.6220857686583706 0.3503204993380698
-0.6202463804265473 0.3500685992854304
-0.618403648989275 0.3498161574720655
-0.6165576025165299 0.34956317606676024
-0.6147082691604858 0.3493096572399216
-0.6128556770552607 0.3490556031635919
-0.6109998543161922 0.34880101601139835
-0.6091408290395856 0.3485458979585661
-0.6072786293021202 0.348290251181885
-0.6054132831606556 0.34803407785973084
-0.6035448186513508 0.34777738017199206
-0.6016732637895 0.3475201603000945
-0.5997986465691326 0.34726242042699407
-0.5979209949623401 0.34700416273713086
-0.5960403369189954 0.3467453894164382
-0.5941567003661831 0.3464861026523102
-0.5922701132079085 0.34622630463360926
-0.5903806033245217 0.3459659975506324
-0.5884881985723068 0.3457051835951014
-0.5865929267830381 0.34544386496014756
-0.5846948157636255 0.3451820438403088
-0.5827938932955632 0.3449197224314994
-0.5808901871344604 0.3446569029309906
-0.5789837250098001 0.34439358753742283
-0.5770745346243467 0.3441297784507691
-0.5751626436536909 0.3438654778723171
-0.5732480797459135 0.3436006880046674
-0.5713308705211578 0.3433354110517194
-0.5694110435711253 0.34306964921864536
-0.5674886264586608 0.342803404711878
-0.5655636467174017 0.34253667973910523
-0.5636361318513121 0.3422694765092503
-0.5617061093342343 0.3420017972324528
-0.5597736066094261 0.3417336441200481
-0.5578386510893709 0.34146501938458457
-0.55590127015505 0.34119592523976555
-0.5539614911556936 0.3409263639004578
-0.5520193414083442 0.3406563375826733
-0.5500748481975563 0.34038584850357073
-0.5481280387747799 0.34011489888141144
-0.5461789403579878 0.33984349093555016
-0.5442275801314234 0.3395716268864419
-0.5422739852451043 0.33929930895561417
-0.5403181828143094 0.3390265393656376
-0.5383601999194098 0.33875332034014366
-0.5364000636053045 0.338479654103787
-0.5344378008809394 0.3382055428822193
-0.532473438719123 0.3379309889021046
-0.5305070040560204 0.3376559943910889
-0.5285385237908109 0.3373805615777928
-0.5265680247851419 0.33710469269177545
-0.5245955338629478 0.3368283899635493
-0.5226210778098603 0.33655165562453676
-0.5206446833731263 0.33627449190709896
-0.5186663772607321 0.33599690104445196
-0.5166861861415339 0.3357188852707246
-0.5147041366445518 0.33544044682089785
-0.5127202553587332 0.33516158793081097
-0.5107345688324102 0.33488231083712344
-0.5087471035731727 0.33460261777733574
-0.5067578860472812 0.3343225109897446
-0.5047669426793954 0.3340419927134431
-0.5027742998521807 0.3337610651883027
-0.5007799839058478 0.3334797306549461
-0.498784021138001 0.33319799135476297
-0.496786437803058 0.33291584952986547
-0.49478726011193197 0.3326333074230798
-0.49278651423184383 0.3323503672779569
-0.49078422628561824 0.3320670313387092
-0.4887804223516808 0.3317833018502461
-0.4867751284634402 0.33149918105812315
-0.48476837060915934 0.3312146712085593
-0.4827601747313528 0.3309297745483871
-0.48075056672652194 0.3306444933250508
-0.4787395724450394 0.3303588297866246
-0.4767272176903903 0.3300727861817406
-0.47471352821912355 0.32978636475961587
-0.472698529740475 0.32949956777003386
-0.4706822479158388 0.3292123974633034
-0.4686647083586046 0.3289248560902695
-0.46664593663384263 0.3286369459023024
-0.46462595825772046 0.32834866915124805
-0.4626047986975099 0.32806002808946244
-0.46058248337093677 0.3277710249697521
-0.4585590376460744 0.3274816620453916
-0.4565344868409135 0.32719194157009523
-0.4545088562230537 0.32690186579800484
-0.452482171009266 0.32661143698365996
-0.4504544563653828 0.3263206573820138
-0.4484257374058652 0.3260295292484033
-0.4463960391933965 0.325738054838522
-0.4443653867386906 0.3254462364084244
-0.4423338050001637 0.32515407621450976
-0.4403013188834777 0.3248615765134872
-0.43826795324144263 0.3245687395623925
-0.43623373287349587 0.3242755676185437
-0.43419868252559773 0.323982062939556
-0.4321628268897129 0.32368822778329714
-0.43012619060367596 0.3233940644078977
-0.4280887982506981 0.32309957507170955
-0.42605067435934946 0.32280476203333236
-0.4240118434029775 0.3225096275515586
-0.42197232979951893 0.3222141738853753
-0.4199321579113327 0.32191840329396826
-0.41789135204459393 0.32162231803666264
-0.4158499364492871 0.32132592037294994
-0.4138079353187542 0.3210292125624506
-0.4117653727895909 0.3207321968649261
-0.4097222729410842 0.32043487554022504
-0.40767865979520457 0.32013725084830885
-0.40563455731599807 0.3198393250491904
-0.4035899894097416 0.31954110040298295

