1.2908329520329427 0.012594671465475235
1.292596408608377 0.010040042732177623
1.2941990511649701 0.007468081999180101
1.2956373260502785 0.004878946444755191
1.2969076959030006 0.0022728013224613403
1.2980066430381665 -0.0003501798803317496
1.2989306729425356 -0.002989815284045605
1.2996763178801942 -0.005645914458297754
1.300240140608545 -0.008318278263616552
1.3006187382044243 -0.011006698693187067
1.300808746000149 -0.013710958715351421
1.300806841628819 -0.016430832116265674
1.3006097491782733 -0.019166083343412414
1.3002142434527146 -0.021916467349828096
1.2996171543408368 -0.02468172943942933
1.2988153712891526 -0.02746160511307984
1.2978058478787635 -0.030255819916360713
1.2965856065038839 -0.033064089288328255
1.2951517431497694 -0.03588611841222025
1.2935014322679104 -0.03872160206756931
1.291631931745626 -0.04157022448442465
1.2895405879672024 -0.044431659199603214
1.2872248409632092 -0.047305568915343786
1.2846822296447589 -0.05019160536012969
1.2819103971183583 -0.05308940915253036
1.2789070960776276 -0.05599860966765475
1.2756701942670057 -0.05891882490685901
1.2721976800131856 -0.06184966137034859
1.2684876678178938 -0.06479071393396794
1.2645384040082683 -0.06774156572881078
1.2603482724370347 -0.07070178802551336
1.2559158002277147 -0.07367094012220642
1.2512396635571321 -0.07664856923721229
1.2463186934692903 -0.0796342104059626
1.2411518817120446 -0.08262738638317009
1.2357383865897462 -0.08562760754987046
1.2300775388233665 -0.08863437182581846
1.224168847409365 -0.09164716458758283
1.218012005468615 -0.09466545859244928
1.2116068960759347 -0.09768871390845585
1.204953598060521 -0.10071637785081311
1.1980523917674522 -0.1037478849248475
1.1909037647688092 -0.10678265677616215
1.1835084175149673 -0.10982010214763309
1.175867268913407 -0.11285961684413152
1.167981461824514 -0.11590058370476614
1.1598523684609443 -0.1189423725834837
1.1514815956801623 -0.12198434033752995
1.1428709901551917 -0.1250258308249071
1.134022643412607 -0.12806617491032057
1.1249388967219662 -0.1311046904807542
1.1156223458258732 -0.13414068246993355
1.1060758454936601 -0.1371734428929926
1.0963025138865627 -0.14020225089087462
1.08630573671842 -0.14322637278520933
1.0760891711980052 -0.14624506214364544
1.065656749737264 -0.14925755985612946
1.0550126834106694 -0.15226309422226403
1.0441614651488313 -0.1552608810504226
1.033107872653934 -0.1582501237679991
1.021856971017073 -0.16123001354425
1.0104141150247088 -0.16419972942513314
0.9987849511374677 -0.16715843848066939
0.9869754191251734 -0.17010529596514135
0.9749917533418074 -0.17303944549047515
0.9628404836252701 -0.17596001921286905
0.9505284358059491 -0.1788661380329716
0.9380627318081745 -0.18175691180991385
0.925450789328564 -0.18463143958953682
0.9127003210778261 -0.1874888098466141
0.8998193335681486 -0.19032810074194145
0.8868161254339089 -0.1931483803939355
0.8736992852701382 -0.1959487071652182
0.8604776889747634 -0.19872812996437517
0.8471604965814967 -0.20148568856298485
0.833757148569564 -0.2042204139282568
0.8202773616394468 -0.20693132857110244
0.8067311239405814 -0.20961744691024845
0.7931286897418031 -0.21227777565212666
0.7794805735322796 -0.2149113141870316
0.7657975435462452 -0.21751705500107943
0.7520906146984679 -0.22009398410489714
0.738371040926871 -0.2226410814782897
0.7246503069320105 -0.22515732153160023
0.7109401193110142 -0.2276416735831608
0.6972523970763833 -0.2300931023537522
0.6835992615625406 -0.23251056847689644
0.669993025710488 -0.23489302902628353
0.6564461827362802 -0.23723943805907632
0.6429713941779023 -0.23954874717604258
0.6295814773266108 -0.24181990609765752
0.6162893920421093 -0.24405186325672026
0.6031082269592326 -0.2462435664068271
0.5900511850892592 -0.24839396324706497
0.5771315688272205 -0.25050200206214407
0.5643627643697853 -0.252566632378568
0.5517582255596969 -0.254586805635809
0.539331457165676 -0.25656147587287653
0.5270959976147063 -0.25848960042962293
0.5150654011913713 -0.2603701406627548
0.5032532197239661 -0.2622020626759816
0.49167298377565777 -0.26398433806422206
0.48033818336483985 -0.2657159446711414
0.4692622482358671 -0.2673958673600153
0.4584585277078029 -0.26902309879718184
0.44794027012822235 -0.27059664024770697
0.43772060196148005 -0.27211550238278304
0.42781250654261455 -0.27357870609837265
0.4182288025313346 -0.27498528334437616
0.4089821220996449 -0.2763342779639796
0.40008488889207355 -0.27762474654228525
0.39154929579528086 -0.27885575926388473
0.38338728256038207 -0.2800264007783053
0.37561051331725853 -0.2811357710730747
0.3682303540284257 -0.2821829863531583
0.3612578499244565 -0.2831671799265306
0.35470370297251824 -0.2840875030944636
0.3485782494222867 -0.2849431260463355
0.3428914374834519 -0.2857332387575165
0.3376528051830804 -0.28645705188988513
0.3328714584582342 -0.28711379769366197
0.32855604953518397 -0.28770273090994125
0.32471475565197416 -0.28822312967265085
0.32135525817847155 -0.2886742964091265
0.31848472219117707 -0.2890555587381227
0.31610977655917927 -0.2893662703642577
0.314236494598867 -0.2896058119677561
0.3128703753547373 -0.28977359208839953
0.3120163255643839 -0.289869048002491
0.31167864236494497 -0.2898916465917092
0.31186099679880586 -0.28984088520261747
0.31256641817534137 -0.289716292495639
0.31379727934530094 -0.28951742928225144
0.3155552829434928 -0.28924388934913925
0.31784144865431785 -0.28889530026806254
0.320656101553974 -0.2884713241901062
0.32399886158096053 -0.28797165862308993
0.3278686341862489 -0.2873960371907062
0.3322636022107576 -0.2867442303722361
0.337181219038388 -0.28601604622129306
0.34261820306761526 -0.2852113310624971
0.3485705335451052 -0.28432997016454636
0.3550334478002238 -0.2833718883884497
0.36200143991727163 -0.2823370508095658
0.3694682608799353 -0.28122546331200027
0.3774269202167389 -0.2800371731542836
0.385869689177002 -0.27877226950465306
0.3947881054587129 -0.27743088394493737
0.40417297950948444 -0.2760131909415349
0.4140144024157488 -0.2745194082823
0.42430175539242776 -0.27294979747799253
0.43502372088015284 -0.27130466412710874
0.44616829525366003 -0.2695843582427875
0.45772280313924557 -0.2677892745407047
0.46967391333662606 -0.2659198526865745
0.4820076563327904 -0.26397657750237363
0.49470944339368894 -0.26195997912996766
0.5077640872121711 -0.25987063315125036
0.5211558240887382 -0.2577091606634579
0.5348683376117807 -0.2554762283091462
0.5488847838048818 -0.2531725482594239
0.5631878176986649 -0.2507988781498989
0.5777596212839364 -0.24835602096815657
0.5925819327927592 -0.24584482489249845
0.6076360772564904 -0.24326618308051184
0.6229029982756447 -0.24062103340767274
0.638363290942497 -0.2379103581544278
0.653997235841415 -0.23513518364219765
0.6697848340582497 -0.23229657981695762
0.6857058431162288 -0.22939565978079007
0.7017398137598078 -0.226433579270449
0.7178661274974618 -0.22341153608322137
0.7340640348159192 -0.22033076944950994
0.7503126939698599 -0.21719255935257242
0.7665912102539858 -0.21399822579479882
0.7828786756540367 -0.2107491280114071
0.79915420877903 -0.20744666363092834
0.8153969949660114 -0.20409226778364256
0.8315863264554453 -0.2006874121574756
0.847701642524437 -0.1972336040028517
0.8637225694747762 -0.19373238508580984
0.8796289603581964 -0.19018533059167736
0.8954009343366315 -0.18659404797831106
0.9110189155587748 -0.18296017578156135
0.9264636714499571 -0.17928538237233282
0.941716350299537 -0.1755713646677506
0.9567585180425149 -0.17181984679644788
0.9715721941237128 -0.1680325787204262
0.9861398863450519 -0.16421133481357034
1.0004446245869565 -0.16035791239996394
1.0144699933113699 -0.15647413025179213
1.0282001627429158 -0.1525618270503916
1.041619918641214 -0.14862285981072798
1.0547146905713558 -0.14465910227237486
1.0674705785915253 -0.14067244325806366
1.079874378274094 -0.13666478500315593
1.0919136039909065 -0.13263804145667943
1.1035765103889885 -0.12859413655771576
1.1148521119958832 -0.12453500248883394
1.1257302008975754 -0.120462577909017
1.1362013624376983 -0.11637880616884395
1.1462569888932648 -0.11228563351086386
1.1558892910911476 -0.1081850072573423
1.165091307933556 -0.10407887398878911
1.1738569138112613 -0.09996917771539987
1.18218082388619 -0.095857858045539
1.190058597237988 -0.09174684835302416
1.1974866378719211 -0.08763807394710509
1.2044621935954327 -0.08353345024804805
1.2109833527776876 -0.07943488097151041
1.2170490390141573 -0.07534425632478921
1.2226590037253735 -0.07126345121825856
1.2278138167259862 -0.06719432349567145
1.2325148548092146 -0.06313871218575244
1.2367642883961654 -0.05909843577943926
1.240565066309185 -0.055075290534939154
1.24392089873199 -0.051071048815360766
1.2468362384290748 -0.04708745746045174
1.2493162602993486 -0.043126236197535875
1.2513668393477717 -0.03918907609334306
1.2529945271616425 -0.03527763805146978
1.25420652698521 -0.03139355135705627
1.255010667489004 -0.027538412273262862
1.25541537533571 -0.023713782691738544
1.2554296466473822 -0.019921188840637753
1.2550630174822364 -0.01616212005242464
1.254325533431847 -0.012438027595543466
1.2532277184518295 -0.00875032357129456
1.2517805430407833 -0.005100379879772135
1.2499953918833333 -0.0014895272566796541
1.247884031074 0.0020809456159374237
1.2454585750383749 0.0056097929232800355
1.2427314532682083 0.009095812452885816
1.239715376985251 0.012537846249988216
1.2364233058487217 0.01593478118999382
1.2328684148172435 0.019285549467828268
1.229064061276059 0.02258912900112546
1.2250237525350565 0.025844543747087417
1.2207611138023404 0.029050863930498296
1.2162898567314582 0.03220720618312276
1.2116237486389496 0.03531273359254678
1.206776582481996 0.03836665566057798
1.2017621476831024 0.04136822816998813
1.1965942018811684 0.044316752960141564
1.1912864436849064 0.04721157761081826
1.1858524864972784 0.050052095034703835
1.1803058334744372 0.0528377429786958
1.1746598536747968 0.0555680034352128
1.1689277594502583 0.058242401963444435
1.1631225851214269 0.060860506922542634
1.1572571669752836 0.06342192861731823
1.1513441246142588 0.06592631835856598
1.1453958436812441 0.06837336743927284
1.1394244599759877 0.07076280602921824
1.133441844973744 0.07309440198976654
1.127459592748518 0.0753679596116661
1.1214890082979756 0.07758331827835444
1.1155410972598043 0.07974035105783807
1.1096265570035089 0.0818389632262485
1.1037557690753952 0.08387909072645623
1.0979387929685995 0.08586069856534945
1.0921853611839858 0.08778377915372786
1.086504875543591 0.08964835059254767
1.080906404711243 0.09145445491012537
1.0753986828726358 0.0932021562542721
1.0699901095196582 0.09489153904450943
1.0646887502832278 0.09652270608852268
1.0595023387512872 0.09809577666838791
1.0544382792084237 0.09961088460122719
1.0495036502281392 0.10106817627982295
1.0447052090474445 0.10246780869842367
1.0400493966501916 0.10380994746935773
1.0355423434842315 0.10509476483597706
1.0311898757352562 0.10632243768771094
1.0269975220793615 0.10749314558295806
1.0229705208345135 0.10860706878586354
1.0191138274321365 0.10966438632262367
1.0154321221277565 0.1106652740635682
1.0119298178714704 0.11160990283680029
1.0086110682583378 0.11249843657948401
1.005479775479787 0.11333103053278179
1.0025395981984477 0.11410782948634399
0.9997939592696858 0.11482896607833797
0.9972460532353944 0.11549455915677248
0.9948988535162941 0.1161047122081165
0.9927551192333013 0.11665951185856448
0.9908174015881401 0.11715902645393111
0.9890880497390018 0.1176033047232716
0.9875692161076559 0.11799237453179506
0.9862628610594191 0.11832624172801351
0.985170756899425 0.11860488909025625
0.9842944911335302 0.11882827537717584
0.9836354689452546 0.11899633448688106
0.9831949148448822 0.1191089747289564
0.9829738734508775 0.11916607821347455
0.9829732093687074 0.11916750036076343
0.9831936061367252 0.11911306953548186
0.9836355642140413 0.11900258680821245
0.9842993979905348 0.1188358258474858
0.9851852318045715 0.11861253294485373
0.9862929949599588 0.11833242717523056
0.9876224157392781 0.11799520069445686
0.9891730144172715 0.11760051917558195
0.9909440952837268 0.11714802238513806
0.9929347376928225 0.11663732490005298
0.9951437861612817 0.11606801696580019
0.9975698395460182 0.11543966549562837
1.000211239337842 0.11475181521061002
1.003066057116014 0.11400398991958541
1.006132081214574 0.11319569393797896
1.0094068026605867 0.112326413643589
1.012887400449966 0.11139561916756345
1.0165707262358186 0.11040276621791106
1.0204532885107616 0.10934729803277098
1.024531236373139 0.10822864746001279
1.0288003429738004 0.10704623915954155
1.0332559887481445 0.10579949192411593
1.0378931445450925 0.10448782111417425
1.042706354772474 0.1031106412015683
1.0476897206837024 0.10166736841712819
1.052836883939207 0.10015742349602617
1.0581410105802922 0.09858023451510317
1.0635947755606725 0.09693523981543932
1.0691903479843778 0.09522189100363966
1.0749193772056922 0.09343965602430107
1.0807729799477936 0.09158802229674197
1.0867417286044823 0.08966649990744811
1.092815640886583 0.0876746248510855
1.0989841709820465 0.0856119623109029
1.1052362023950821 0.0834781099705433
1.1115600426325558 0.08127270134811608
1.1179434199029195 0.07899540914378807
1.1243734819924 0.07664594859141863
1.130836797477999 0.0742240808052554
1.1373193594349256 0.07172961611164602
1.143806591786278 0.06916241735712877
1.1502833584417549 0.06652240318193849
1.1567339753568073 0.06380955125062136
1.1631422256411614 0.06102390142865207
1.1694913778279128 0.05816555889669456
1.1757642074092725 0.05523469719121318
1.181943021723875 0.05223156116347729
1.1880096882731574 0.04915646984583953
1.193945666522267 0.046009819216955856
1.1997320432279541 0.04279208485577757
1.2053495713140356 0.03950382447602017
1.210778712298793 0.036145680331324016
1.2159996822557013 0.032718381482802504
1.2209925012680105 0.029222745920766686
1.2257370463172221 0.025659682531501974
1.2302131075190945 0.02203019290263627
1.2344004476017971 0.01833537295790343
1.2382788644924654 0.014576414415704703
1.2418282568580887 0.01075460606335595
1.2450286924195417 0.006871334841629206
1.2478604788354486 0.0029280867327369895
1.2503042369267607 -0.0010735525527317963
1.2523409759912079 -0.00513189709616959
1.2539521709319053 -0.009245160501926064
1.2551198409037188 -0.013411455843967019
1.2558266291585651 -0.01762879583069676
1.256055883751578 -0.021895093192372546
1.2557917387503252 -0.026208161291433715
1.255019195572797 -0.03056571496005185
1.2537242040637309 -0.034965371563592015
1.251893742905141 -0.03940465229301996
1.2495158989454507 -0.043880983684442036
1.2465799450214798 -0.04839169936667458
1.2430764158411602 -0.05293404203443604
1.2389971814887315 -0.057505165646807785
1.234335518113645 -0.06210213784714003
1.2290861753628928 -0.06672194260278208
1.2232454401213162 -0.07136148306015008
1.2168111961291874 -0.07601758461153381
1.2097829790560506 -0.08068699816854034
1.2021620266205006 -0.08536640363730329
1.1939513233617902 -0.09005241358886704
1.1851556396837746 -0.09474157711940981
1.1757815648161192 -0.09943038389188481
1.165837533355612 -0.10411526835311437
1.1553338450813238 -0.10879261411694954
1.1442826777605066 -0.1134587585062835
1.1326980926982515 -0.11810999724361272
1.1205960328110236 -0.12274258928209686
1.1079943130449101 -0.1273527617661636
1.0949126029916392 -0.1319367151123439
1.0813724015986255 -0.13649062819890279
1.0673970039048646 -0.14101066365424358
1.0530114597806606 -0.14549297323206736
1.0382425246878184 -0.1499337032623558
1.0231186025231205 -0.1543290001660038
1.007669680648368 -0.1586750160217198
0.9919272572600453 -0.16296791417190365
0.9759242612852073 -0.16720387485699398
0.9596949650470845 -0.17137910086382763
0.9432748899725312 -0.17548982317737521
0.926700705667763 -0.17953230662173422
0.910010122717916 -0.1835028554792122
0.8932417796143921 -0.18739781907387484
0.8764351242435096 -0.19121359730785023
0.8596302904102018 -0.19494664613744492
0.842867969898234 -0.1985934829773647
0.8261892806022049 -0.20215069202056304
0.8096356312908594 -0.20561492946205814
0.7932485835877845 -0.20898292861471943
0.7770697117705649 -0.21225150490646788
0.7611404610169087 -0.21541756074652033
0.7455020047275069 -0.21847809025121834
0.7301951015766328 -0.2214301838180456
0.7152599529400865 -0.22427103253840108
0.7007360613575542 -0.22699793243912733
0.6866620906816092 -0.2296082885439266
0.6730757285640488 -0.23209961874557894
0.6600135519164997 -0.23446955748126305
0.6475108959764875 -0.23671585920249943
0.6356017275855372 -0.2388364016332776
0.6243185232724596 -0.24082918880925827
0.6136921527099237 -0.24269235389181293
0.6037517680809936 -0.2444241617520477
0.594524699870727 -0.2460230113190714
0.5860363595569407 -0.24748743768880033
0.5783101496449903 -0.2488161139890871
0.5713673814475045 -0.25000785299858513
0.5652272009758208 -0.251061608516318
0.5599065232615215 -0.2519764764805888
0.5554199753875078 -0.2527516958356215
0.5517798484589242 -0.25338664914558967
0.5489960587002329 -0.2538808629558809
0.5470761178153993 -0.25423400790241674
0.5460251127024858 -0.2544458985700827
0.5458456945636514 -0.25451649310234087
0.5465380774056678 -0.25444589256433453
0.5481000458772941 -0.25423434006262663
0.5505269723437562 -0.2538822196251614
0.5538118430528549 -0.25339005484561716
0.5579452932021589 -0.25275850729694765
0.5629156506753061 -0.2519883747192259
0.5687089881724531 -0.2510805889876973
0.5753091834229811 -0.2500362138671201
0.5826979871295699 -0.24885644255928446
0.5908550982614413 -0.24754259505057494
0.5997582462791793 -0.24609611526745215
0.6093832798494845 -0.24451856804735722
0.619704261575817 -0.2428116359339567
0.6306935682566132 -0.24097711580459183
0.6423219961539197 -0.23901691533959446
0.6545588707465271 -0.23693304934214807
0.6673721604232523 -0.23472763591847695
0.6807285935649845 -0.23240289252788413
0.6945937784556886 -0.22996113191263817
0.7089323254609219 -0.22740475791755999
0.7237079709097177 -0.2247362612097146
0.7388837021215487 -0.2219582149081894
0.7544218830225791 -0.21907327013461841
0.7702843798083705 -0.21608415149440718
0.786432686116759 -0.2129936524995588
0.8028280471949989 -0.20980463094285642
0.8194315825551748 -0.20652000423441488
0.8362044066386118 -0.2031427447100963
0.85310774702407 -0.1996758749225833
0.870103059743538 -0.1961224629246638
0.8871521412907222 -0.19248561755487614
0.90421723693686 -0.1887684837348977
0.9212611449930521 -0.18497423778858502
0.9382473166924296 -0.1811060827912879
0.9551399513890928 -0.17716724395922454
0.9719040868098017 -0.17316096408661122
0.9885056841146865 -0.16909049904048562
1.0049117075697984 -0.1649591133193851
1.0210901986491696 -0.16077007568571847
1.0370103444305097 -0.15652665487781292
1.0526425401702124 -0.15223211540965495
1.0679584459805573 -0.14788971346440455
1.0829310375564378 -0.14350269288895864
1.09753465093622 -0.13907428129431856
1.1117450212999525 -0.13460768626895409
1.125539315846694 -0.1301060917087806
1.138896160809733 -0.12557265426967848
1.1517956626985177 -0.12101049994663832
1.1642194238790013 -0.11642272078337357
1.1761505526264369 -0.11181237171569175
1.1875736678011215 -0.10718246755309215
1.1984748983251654 -0.10253598009941843
1.208841877646075 -0.09787583541654415
1.2186637333950348 -0.09320491123224987
1.2279310724594212 -0.08852603449379674
1.2366359617000375 -0.08384197906895181
1.2447719045574261 -0.07915546359411099
1.2523338137949591 -0.07446914947154379
1.2593179806402062 -0.06978563901378924
1.2657220405843346 -0.06510747373683694
1.2715449361094855 -0.06043713279959064
1.276786876610742 -0.055777031590344264
1.281449295785118 -0.05112952045709097
1.2855348067544596 -0.046496883581935614
1.2890471551917826 -0.0418813379955928
1.2919911707128042 -0.0372850327319306
1.2943727167940644 -0.03271004811790572
1.296198639470001 -0.028158395198017494
1.2974767150572832 -0.02363201528884294
1.298215597145556 -0.019132779661481185
1.2984247630863441 -0.014662489347647974
1.2981144602022379 -0.010222875066928809
1.2972956519291108 -0.0058155972698028455
1.2959799640936511 -0.0014422462946091243
1.2941796315175798 0.0028956573679216695
1.291907445129414 0.007196662704356059
1.2891766997521703 0.011459387708959093
1.2860011427250493 0.015682518817312058
1.282394923503781 0.01986481024925141
1.278372544374592 0.024005083263790115
1.273948812402137 0.02810222533258956
1.2691387927232154 0.03215518923453804
1.2639577632829138 0.03616299207793409
1.2584211711022433 0.04012471425297385
1.2525445901512176 0.044039498320781766
1.2463436808938624 0.0479065478422634
1.2398341515584432 0.05172512615212017
1.2330317211778565 0.055494555081941
1.225952084434145 0.059214213637058026
1.2186108783325642 0.06288353663125835
1.211023650720604 0.06650201328397148
1.2032058306606161 0.07006918578357708
1.195172700655247 0.07358464782119543
1.186939370717776 0.07704804309897635
1.1785207542733394 0.08045906381645108
1.1699315458697424 0.08381744913879298
1.1611862006703837 0.08712298365077926
1.1522989156982089 0.09037549579941559
1.143283612791911 0.09357485632915825
1.1341539232339164 0.09672097671246198
1.1249231740041092 0.09981380757889993
1.115604375610135 0.10285333714580905
1.1062102114427348 0.1058395896530731
1.096753028601296 0.1087726238047592
1.0872448301324287 0.1116525312202339
1.0776972686247885 0.11447943489658446
1.0681216410978378 0.11725348768531352
1.0585288851267731 0.11997487078444498
1.048929576139105 0.1226437922488624
1.0393339258248373 0.12526048551958047
1.029751781593833 0.1278252079748739
1.0201926270243102 0.13033823950323017
1.0106655832362226 0.1327998811009
1.0011794111339438 0.1352104534939925
0.9917425144542976 0.1375702957874053
0.9823629435661477 0.13987976414039321
0.9730483999610642 0.14213923047051807
0.9638062413823303 0.14434908118600376
0.9546434875355854 0.14650971594777856
0.9455668263316683 0.14862154646101486
0.9365826206088372 0.1506849952971204
0.9276969152872868 0.15270049474609976
0.9189154449079071 0.1546684856997912
0.9102436415119821 0.15658941656574696
0.9016866428175632 0.15846374221211615
0.8932493006520938 0.16029192294338254
0.8849361896034897 0.16207442350661466
0.876751615850902 0.16381171212846157
0.8686996261424921 0.16550425958217338
0.8607840168853246 0.16715253828476828
0.8530083433181784 0.16875702142361174
0.8453759287371159 0.17031818211223163
0.8378898737471883 0.17183649257479264
0.8305530655142629 0.1733124233588602
0.8233681869950107 0.17474644257558186
0.8163377261205891 0.17613901516723188
0.8094639849163976 0.17749060220098362
0.8027490885368739 0.17880166018875002
0.7961949942005022 0.18007264043197774
0.7898035000063844 0.1813039883912953
0.7835762536211573 0.18249614307971676
0.7775147608202705 0.18364953647927046
0.7716203938738228 0.1847645929799532
0.7658943997647416 0.18584172884059263
0.7603379082308073 0.18688135167069278
0.7549519396207459 0.18788385993277415
0.7497374125575922 0.18884964246433578
0.7446951514016276 0.18977907801890537
0.739825893507843 0.19067253482530802
0.7351302962711588 0.1915303701647476
0.7306089439563049 0.19235292996475362
0.7262623543070401 0.19314054840958286
0.7220909849320503 0.19389354756629154
0.7180952394638824 0.19461223702598107
0.7142754734888357 0.19529691355953324
0.7106320002452717 0.19594786078732346
0.7071650960888559 0.19656534886229082
0.7038750057224401 0.197149634165961
0.7007619471902821 0.19770095901672705
0.6978261166344961 0.19821955139007283
0.6950676928132571 0.19870562465018485
0.6924868413796921 0.19915937729254585
0.6900837189207921 0.19958099269707377
0.6878584767552628 0.1999706388914723
0.6858112644898785 0.20032846832437431
0.6839422333332232 0.2006546176480012
0.6822515391662372 0.20094920750998257
0.6807393453681738 0.20121234235413862
0.6794058253974962 0.2014441102298721
0.678251165125717 0.2016445826100893
0.6772755649236413 0.20181381421731673
0.6764792414975839 0.20195184285800674
0.675862429474519 0.2020586892647799
0.6754253827336214 0.20213435694660498
0.6751683754822332 0.2021788320468084
0.6750917030736694 0.20219208320890053
0.6751956825640861 0.202174061450228
0.6754806530053877 0.20212470004348745
0.6759469754708152 0.2020439144061812
0.6765950328095591 0.20193160199812996
0.6774252291265613 0.2017876422271739
0.6784379889831141 0.20161189636327292
0.6796337563137957 0.20140420746121473
0.681012993054932 0.2011644002921854
0.6825761774791912 0.20089228128454445
0.6843238022312053 0.20058763847408723
0.6862563720580075 0.20025024146425843
0.6883744012286616 0.19987984139667403
0.6906784106364035 0.19947617093248848
0.6931689245769417 0.19903894424508925
0.6958464671959788 0.19856785702470708
0.698711558598785 0.19806258649558128
0.7017647106149751 0.19752279144627982
0.7050064222104864 0.19694811227399808
0.708437174539954 0.19633817104347845
0.7120574256307608 0.19569257156157052
0.7158676046926696 0.19501089946802944
0.7198681060434934 0.19429272234382128
0.7240592826446717 0.1935375898376616
0.7284414392383379 0.1927450338119996
0.7330148250790897 0.19191456850945962
0.7377796262527576 0.19104569074102054
0.7427359575758892 0.1901378800970795
0.7478838540692082 0.18919059918276218
0.753223261999795 0.18820329387872742
0.758754029485523 0.18717539362910857
0.7644758966586724 0.18610631175780673
0.7703884853839176 0.1849954458148834
0.7764912885283903 0.18384217795457822
0.7827836587819049 0.18264587534667195
0.78926479702746 0.18140589062282556
0.795933740262289 0.18012156235982132
0.8027893490726101 0.17879221560144035
0.8098302946657276 0.17741716242100133
0.8170550454668654 0.17599570252629154
0.8244618532872705 0.17452712390924313
0.8320487390764244 0.17301070354198203
0.8398134782688343 0.17144570812187993
0.8477535857448777 0.16983139486704352
0.8558663004211661 0.16816701236509884
0.8641485694948949 0.16645180147700794
0.8725970323666653 0.16468499629836708
0.881208004272237 0.16286582518019538
0.8899774596553354 0.16099351181170926
0.898901015320337 0.15906727636706777
0.9079739134058082 0.15708633671856373
0.9171910042277429 0.15504990971805158
0.9265467290413572 0.15295721254946823
0.9360351027831819 0.15080746415360416
0.945649696851143 0.14859988672835303
0.9553836219962645 0.1463337073053497
0.9652295113974191 0.1440081594056772
0.975179504001414 0.14162248477620265
0.9852252282161961 0.1391759352082113
0.9953577860506899 0.13666777444010741
1.0055677378026873 0.1340972801455617
1.0158450874031588 0.13146374600831962
1.0261792685308795 0.12876648388510126
1.0365591316211977 0.1260048260571171
1.046972931896617 0.12317812757135183
1.0574083185569574 0.12028576867176208
1.0678523252712493 0.11732715732097632
1.0782913621231494 0.11430173181205809
1.0887112091645832 0.11120896347064406
1.099097011744155 0.10804835944588913
1.109433277775182 0.10481946559055082
1.119703877122854 0.10152186942750917
1.1298920432862791 0.0981552032022568
1.1399803775626967 0.0947191470183194
1.149950855879007 0.09121343205397085
1.1597848384838776 0.08763784385644141
1.1694630826905499 0.08399222571103035
1.1789657588652993 0.080276482080697
1.1882724698535374 0.07649058211210548
1.1973622740359287 0.07263456320281567
1.2062137122004313 0.06870853462515224
1.2148048384173578 0.06471268119934172
1.2231132550910573 0.06064726701094789
1.2311161523601972 0.05651263916433094
1.238790352004094 0.05230923156525584
1.2461123560033982 0.0480375687238715
1.2530583998877944 0.04369826956936382
1.2596045109869953 0.039292051267068646
1.2657265716837172 0.034819733027561015
1.2714003877452287 0.030282239897111343
1.276601761786273 0.025680606518530644
1.2813065718909167 0.021015980850171957
1.285490855391736 0.016289627830372647
1.289130897772397 0.011502932975148249
1.2922033266278725 0.00665740589421419
1.2946852105775735 0.0017546837124716177
1.2965541629898816 -0.0032034656192911903
1.2977884503329309 -0.008215140138033664
1.298367104924581 -0.013278300823788948
1.298270041807022 -0.01839076871159778
1.2974781794242365 -0.02355022217762423
1.295973563730369 -0.028754194415277247
1.2937394953055343 -0.03400007112018033
1.2907606590033494 -0.03928508839966559
1.2870232556000385 -0.04460633092640926
1.2825151348617396 -0.04996073035264605
1.277225929391111 -0.05534506400416845
1.271147188561729 -0.06075595387099033
1.2642725117928721 -0.06618986591442112
1.2565976803689258 -0.07164310970636611
1.2481207869527027 -0.07711183842085005
1.2388423618993223 -0.08259204919311555
1.2287654954261267 -0.0880795838659045
1.2178959546611983 -0.09357013013672223
1.2062422945464637 -0.09905922312533576
1.1938159615485917 -0.10454224737479396
1.1806313890979572 -0.1100144393023714
1.1667060836612044 -0.11547089011347933
1.1520607003353955 -0.12090654919290196
1.1367191068528604 -0.12631622798419018
1.1207084348821994 -0.13169460436982316
1.104059117530374 -0.1370362275608443
1.0868049119670193 -0.14233552350559459
1.0689829061303824 -0.14758680082374248
1.0506335085100251 -0.15278425727265407
1.0318004200648478 -0.15792198674867963
1.0125305873884562 -0.16299398682780045
0.992874136325345 -0.16799416684420607
0.9728842853167039 -0.17291635650736145
0.9526172378650717 -0.17775431505350425
0.9321320536135091 -0.18250174092712707
0.9114904976669523 -0.18715228198402295
0.890756867906092 -0.19169954620833696
0.8699978002066704 -0.19613711293003103
0.8492820516179831 -0.20045854453049047
0.8286802617335697 -0.20465739861868737
0.8082646926501331 -0.20872724066043236
0.7881089481017831 -0.21266165703888257
0.7682876725398853 -0.21645426852312308
0.7488762311221978 -0.2200987441190924
0.7299503717731012 -0.2235888152743474
0.7115858706741596 -0.22691829040588396
0.6938581627402161 -0.23008106971819658
0.676841958836341 -0.23307116027564453
0.6606108516790168 -0.23588269129161563
0.6452369125538943 -0.23850992959418738
0.630790281157916 -0.2409472952262199
0.6173387510441677 -0.24318937713517252
0.6049473532983096 -0.2452309489066717
0.5936779412219586 -0.2470669844928634
0.583588778912139 -0.24869267388634228
0.5747341367403174 -0.2501034386870475
0.5671638968075785 -0.2512949475095831
0.5609231715189047 -0.2522631311759264
0.5560519384483085 -0.25300419763820603
0.5525846946780711 -0.25351464657462647
0.5505501337724608 -0.253791283601201
0.5499708484963968 -0.25383123404136293
0.5508630623104653 -0.2536319561950001
0.553236392560192 -0.2531912540486317
0.5570936481361495 -0.25250728936838407
0.5624306642063598 -0.25157859311787834
0.5692361764167515 -0.25040407614383914
0.5774917367198763 -0.24898303907303268
0.5871716727252931 -0.24731518136552777
0.5982430921734461 -0.24540060947036016
0.6106659338111592 -0.2432398440320503
0.6243930656075138 -0.24083382609761542
0.6393704308787024 -0.23818392227678403
0.6555372425087633 -0.2352919288102369
0.6728262250523824 -0.23216007450371978
0.6911639040945596 -0.22879102248896754
0.7104709418216024 -0.22518787077592148
0.7306625173366588 -0.22135415156399035
0.7516487498261961 -0.21729382928473434
0.7733351622703961 -0.2130112973516806
0.7956231829770897 -0.2085113735983179
0.8184106818311867 -0.20379929438868835
0.8415925377672631 -0.19888070739163602
0.865061233631683 -0.19376166301275205
0.8887074742680862 -0.18844860448511405
0.9124208233762895 -0.18294835662380124
0.9360903544343697 -0.1772681132559633
0.9596053107657552 -0.17141542334253074
0.9828557696566385 -0.16539817581490981
1.005733305313911 -0.15922458315393437
1.0281316453723934 -0.15290316374616272
1.0499473156454955 -0.14644272305671022
1.071080267839787 -0.1398523336649831
1.0914344850439788 -0.13314131421422612
1.1109185599374114 -0.12631920733310198
1.1294462408633963 -0.1193957565911409
1.146936941151726 -0.11238088255793617
1.163316207381554 -0.10528465803809567
1.1785161426123336 -0.09811728256269298
1.1924757810106872 -0.09088905621984068
1.205141410728926 -0.08361035291412756
1.21646684236806 -0.07629159314622232
1.2264136208540595 -0.06894321641226385
1.2349511790961847 -0.06157565332156577
1.2420569323412223 -0.05419929753883597
1.247716312710224 -0.046824477656697484
1.251922743976426 -0.03946142911033283
1.2546775572251243 -0.03212026624415051
1.2559898486054408 -0.02481095464727959
1.2558762809490343 -0.01754328386919416
1.2543608315700547 -0.010326840635641057
1.251474489080517 -0.003170982676741338
1.247254902539587 0.003915186713924382
1.2417459867036715 0.010922843276366386
1.2349974875493013 0.017843465422899125
1.2270645125961563 0.024668856808333656
1.2180070308633972 0.03139116772149287
1.207889347537467 0.038002915193863916
1.1967795586197862 0.044497001722620055
1.1847489909473163 0.050866732511296565
1.1718716330460108 0.05710583113426212
1.1582235622725148 0.06320845353956633
1.14388237364414 0.06916920030699632
1.1289266156261357 0.07498312708847181
1.113435237969451 0.08064575316156153
1.097487056448844 0.0861530680365304
1.081160239059038 0.09150153606527339
1.0645318178924894 0.0966880990071234
1.0476772305353426 0.10171017651724572
1.0306698944021746 0.10656566453149471
1.0135808169796003 0.11125293153154218
0.9964782444781791 0.11577081268317517
0.9794273508980554 0.1201186018518093
0.9624899690182558 0.12429604150822662
0.9457243643103885 0.1283033105495647
0.9291850522887072 0.13214101006854514
0.9129226593055557 0.13581014711815392
0.8969838263467211 0.1393121165255696
0.8814111549202589 0.14264868082288137
0.8662431937215919 0.14582194837062099
0.851514464367185 0.14883434976154453
0.8372555241451707 0.15168861260128577
0.823493063420716 0.1543877347730463
0.8102500350727937 0.15693495630240506
0.7975458131162366 0.15933372994819114
0.7853963774967112 0.16158769065266743
0.7738145219079975 0.1637006239944561
0.7628100814094559 0.1656764337930142
0.752390176568761 0.16751910902276915
0.7425594708649336 0.16923269019944415
0.7333204381137395 0.17082123540844876
0.7246736367524433 0.17228878614908552
0.7166179879134955 0.17363933317336394
0.7091510543421132 0.17487678250085664
0.7022693173465142 0.17600492179459906
0.6959684491297692 0.17702738728356773
0.6902435780069761 0.1779476314192592
0.6850895441833215 0.17876889145271455
0.6805011439284712 0.17949415911803893
0.6764733601450267 0.18012615160597376
0.6730015774784847 0.18066728400825105
0.6700817802561345 0.181119643409335
0.6677107316660807 0.18148496479742604
0.6658861326999183 0.1817646089602953
0.6646067594745695 0.18195954252496674
0.6638725776293766 0.18207032029215078
0.663684832558773 0.1820970700076649
0.6640461142944576 0.18203947970333653
0.6649603958956015 0.18189678772934306
0.6664330442458732 0.18166777558852634
0.6684708021963339 0.18135076367101816
0.6710817410386273 0.18094360997459674
0.6742751823498934 0.18044371188249442
0.6780615883241716 0.1798480110561507
0.6824524198022797 0.17915300148549862
0.6874599613382563 0.17835474072402124
0.693097112802575 0.1774488643198787
0.6993771472232476 0.1764306034383665
0.7063134348142445 0.17529480565428313
0.7139191334362295 0.17403595887615142
0.7222068460833243 0.1726482183472469
0.731188246389857 0.17112543665161484
0.7408736736069281 0.16946119663613926
0.7512716990036504 0.16764884714317752
0.7623886662061868 0.16568154143116265
0.7742282085815444 0.16355227814520046
0.7867907474174047 0.16125394468240634
0.8000729753059762 0.15877936278281835
0.8140673298330231 0.15612133616025903
0.8287614633577762 0.1532726999745162
0.8441377153603 0.15022637193168925
0.8601725944934662 0.1469754047876244
0.8768362781102501 0.14351304001654122
0.8940921376063969 0.13983276239733505
0.911896298432754 0.13592835525845198
0.9301972440412333 0.13179395611525152
0.948935473347679 0.12742411242506696
0.9680432214878002 0.12281383717860342
0.9874442536912109 0.11795866404264263
1.0070537420121655 0.11285470176276287
1.0267782343788032 0.10749868753596807
1.046515725002925 0.1018880390576149
1.066155834551614 0.09602090495211466
1.0855801076856795 0.08989621329449966
1.1046624345493103 0.08351371793757463
1.123269601615015 0.07687404235908883
1.1412619758825362 0.06997872075598978
1.1584943248862234 0.06283023611392105
1.1748167732154393 0.05543205499513021
1.1900758943806007 0.047788658794066144
1.2041159348296016 0.03990557122653622
1.2167801648054104 0.031789381826533715
1.2279123485164687 0.023447765245159336
1.2373583238427448 0.014889496156654879
1.2449676795134976 0.006124459599656983
1.2505955154420347 -0.0028363434066331988
1.2541042696887157 -0.011980795104669683
1.2553655934202488 -0.021295665219270527
1.2542622532517338 -0.030766620249403468
1.2506900385590636 -0.040378237906541
1.2445596497606297 -0.05011402674760007
1.2357985422325943 -0.05995645103170304
1.2243526994781466 -0.06988696080106978
1.2101883084466987 -0.0798860271670794
1.1932933095352285 -0.08993318275246973
1.173678793810438 -0.10000706722134624
1.151380220409162 -0.11008547779913377
1.1264584279003085 -0.12014542466349405
1.0990004146596588 -0.13016319105829077
1.0691198649836915 -0.1401143979653047
1.036957399808992 -0.14997407313582045
1.0026805334206879 -0.1597167242693945
0.9664833204900445 -0.16931641609813253
0.9285856810827691 -0.17874685111799374
0.889232394956552 -0.18798145368334965
0.8486917604190274 -0.19699345716568414
0.8072539172633928 -0.2057559938546313
0.765228837723527 -0.21424218726613095
0.7229439940012037 -0.22242524650275336
0.6807417155920965 -0.2302785622995675
0.6389762543588671 -0.23777580437410503
0.5980105799626997 -0.24489101968910487
0.5582129328323862 -0.25159873122515763
0.5199531662135437 -0.2578740368541382
0.48359891296383667 -0.263692707896824
0.4495116165387923 -0.2690312869453963
0.4180424690210143 -0.2738671845265755
0.3895283019594932 -0.27817877418364156
0.364287478212475 -0.2819454855546716
0.34261583481541447 -0.28514789502928656
0.32478272811892345 -0.2877678135705048
0.31102723299087287 -0.28978837129661733
0.30155454774624907 -0.29119409842655114
0.29653265561717307 -0.2919710022039216
0.29608929200800593 -0.2921066394275843
0.3003092644822363 -0.2915901842320406
0.30923216942532644 -0.2904124907771108
0.3228505456267126 -0.2885661505251609
0.3411085006681616 -0.2860455438041398
0.3639008410365738 -0.28284688537596636
0.39107273134078346 -0.27896826375365036
0.42241990198849483 -0.2744096740339789
0.4576894182170656 -0.2691730440392102
0.49658101657361614 -0.2632622535878294
0.5387490078857791 -0.2566831467419297
0.583804738542574 -0.24944353690789609
0.6313195946180823 -0.2415532046971134
0.6808285261261527 -0.23302388848332373
0.7318340615953682 -0.22386926762259857
0.783810776267863 -0.21410493833673708
0.8362101707362468 -0.20374838228725584
0.8884659107316817 -0.1928189279030336
0.9399993732554792 -0.18133770455307655
0.9902254393235799 -0.16932758968910205
1.038558469400018 -0.1568131491104783
1.084418394146653 -0.14382057053845299
1.1272368505436468 -0.13037759071165392
1.1664632917118307 -0.11651341624811216
1.201570998005305 -0.10225863854179808
1.232062917090811 -0.08764514299455563
1.2574772618764447 -0.07270601290443218
1.277392797228156 -0.05747542835791142
1.2914337494369659 -0.04198856049711303
1.2992742763364946 -0.026281461554297367
1.3006424407714756 -0.010390951060996795
1.2953236357168723 0.005645501333011216
1.2831634156986231 0.02178989599318931
1.2640696961623652 0.03800382592012307
1.2380142900011277 0.05424860139077625
1.2050337584856121 0.07048537613533899
1.1652295622227813 0.08667527456328389
1.1187675064018086 0.10277951954203113
1.0658764833300758 0.11875956023252864
1.0068465240417266 0.13457719947670643
0.9420261793701585 0.15019472024391753
0.8718192593159124 0.16557501063456861
0.7966809675555787 0.1806816869548962
0.7171134755599532 0.1954792143743169
0.6336609877604108 0.20993302469571917
0.5469043555781485 0.22400963077289252
0.4574553036887157 0.23767673712802317
0.36595033665670207 0.2509033463346016
0.2730443979017598 0.26365986075146547
0.1794043558787772 0.2759181792083428
0.08570239419838449 0.2876517882719348
-0.007390616639137648 0.2988358477348756
-0.09921168843117995 0.3094472700025289
-0.18911214903535534 0.3194647930718456
-0.27646386657538397 0.32886904682896495
-0.36066519304084543 0.33764261241417337
-0.441146560342482 0.3457700744385007
-0.5173756667361016 0.3532380658597896
-0.5888621972821625 0.36003530536323985
-0.6551620283373704 0.36615262711632207
-0.7158808731334028 0.37158300280592577
-0.7706773329428902 0.3763215558923609
-0.8192653262792124 0.38036556805197824
-0.8614158767033967 0.3837144778080175
-0.8969582481984871 0.3863698713855944
-0.9257804254235582 0.388335465855541
-0.9478289445015301 0.3896170846653816
-0.9631080881105566 0.3902226256854093
-0.9716784664990272 0.3901620219291279
-0.9736550134648028 0.38944719513593373
-0.9692044332813224 0.38809200243280223
-0.9585421408895966 0.386112176319205
-0.9419287433487853 0.3835252582451049
-0.9196661154693866 0.38035052607768416
-0.8920931266786674 0.3766089157743307
-0.8595810794703731 0.37232293760354146
-0.8225289221843851 0.3675165872727619
-0.7813583004018934 0.36221525234378965
-0.7365085118396978 0.3564456143304142
-0.6884314293677353 0.3502355468899546
-0.6375864556194585 0.3436140105324323
-0.584435570671022 0.3366109442813079
-0.529438531507719 0.32925715473193834
-0.47304827843856384 0.32158420295625983
-0.4157065994645134 0.31362428971251927
-0.357840098772756 0.3054101394169897
-0.29985651024706966 0.29697488334003536
-0.24214139110794572 0.2883519424839359
-0.18505522473436947 0.27957491060055834
-0.12893095536108065 0.27067743779853454
-0.07407197088664949 0.2616931151864344
-0.02075054346038635 0.2526553609849279
0.030793268939305396 0.24359730853661438
0.08035226312465937 0.23455169662330005
0.12775228281210435 0.22555076249187106
0.17285197738077474 0.21662613797088587
0.21554214786899806 0.2078087490450406
0.25574470581229763 0.19912871923524939
0.29341127502289127 0.19061527711205126
0.32852147034054224 0.18229666825022775
0.3610808907226484 0.17420007190960599
0.39111886674524216 0.16635152270301806
0.4186860046185927 0.15877583749202073
0.44385157022334715 0.15149654772116616
0.4667007573683112 0.144535837381474
0.4873318845456489 0.13791448676402426
0.5058535638712711 0.13165182214110213
0.5223818847151651 0.1257656714846751
0.5370376527640996 0.12027232630569354
0.5499437229670932 0.11518650967144824
0.5612224620425821 0.11052135043203683
0.570993373032819 0.10628836366022672
0.5793709108306543 0.10249743728389658
0.5864625137465197 0.09915682486469232
0.5923668720922246 0.09627314445185295
0.5971724505014707 0.0938513834163313
0.6009562763538308 0.09189490914701112
0.6037830022861201 0.09040548546828366
0.6057042464263755 0.08938329461758962
0.6067582097386791 0.08882696460034577
0.6069695657745884 0.08873360172135153
0.606349614249837 0.08909882807329342
0.6048966862488359 0.08991682374652726
0.6025967855504484 0.09118037350896893
0.5994244476042191 0.09288091769079172
0.5953437950970762 0.0950086069963686
0.5903097668631792 0.09755236095442009
0.5842694951191545 0.10049992970810714
0.5771638046679153 0.10383795883796171
0.5689288068038417 0.10755205690545752
0.5594975601813565 0.11162686539705445
0.5488017708448754 0.11604613074910552
0.5367735039812354 0.12079277812662706
0.523346880680343 0.12584898663400698
0.508459734100576 0.1311962656311916
0.492055200854377 0.13681553183535125
0.4740832251644021 0.14268718688827678
0.4545019553195697 0.14879119507759664
0.4332790141764034 0.15510716090335352
0.4103926278323301 0.16161440619142986
0.3858325991318934 0.16829204646166707
0.35960111528457733 0.17511906627009302
0.3317133815557286 0.18207439325404043
0.30219807568025026 0.18913697062165005
0.2710976203202545 0.19628582783843873
0.23846827348006744 0.2035001492795605
0.20438003931062237 0.21075934062712287
0.16891640409928643 0.21804309280935225
0.13217390446061225 0.22533144329288943
0.09426153677820773 0.23260483455496211
0.05530001877551141 0.23984416957861593
0.015420915703864724 0.24703086423002743
-0.025234355008746073 0.2541468963967437
-0.06651562564121147 0.2611748517760533
-0.108265170754267 0.26809796622789084
-0.15031897394523763 0.27490016461600547
-0.19250805191917522 0.2815660960831339
-0.23465981885611506 0.2880811657194685
-0.2765994741558508 0.29443156260148534
-0.31815139695360606 0.3006042841938653
-0.3591405313171968 0.30658715712248485
-0.3993937467448366 0.3123688543416396
-0.43874115946818326 0.3179389087342655
-0.477017401079469 0.32328772319591714
-0.5140628221751962 0.32840657726912326
-0.5497246199529617 0.3332876304047956
-0.5838578800664312 0.33792392194243953
-0.6163265244258965 0.3423093679086488
-0.647004158103394 0.3464387547472378
-0.6757748099443442 0.3503077301010911
-0.7025335629676287 0.35391279077715837
-0.7271870720554029 0.35725126803136364
-0.749653967851234 0.3603213103198557
-0.7698651471103333 0.3631218636670632
-0.7877639510248142 0.36565264980763806
-0.8033062342269127 0.367914142263111
-0.8164603282671102 0.36990754051826646
-0.8272069043412303 0.3716347424637497
-0.8355387409263283 0.37309831527497056
-0.8414604027295668 0.3743014648963599
-0.8449878380045428 0.3752480043020292
-0.8461479017986647 0.3759423207018591
-0.8449778130983594 0.3763893418615134
-0.8415245541168332 0.37659450170235526
-0.8358442201356062 0.3765637053445792
-0.8280013283691424 0.3763032937533353
-0.8180680942733383 0.37582000814358196
-0.8061236835811488 0.37512095429473047
-0.7922534481140467 0.37421356692085556
-0.7765481531153028 0.37310557423675517
-0.7591032034670088 0.37180496285372566
-0.740017875719302 0.3703199431326852
-0.7193945623661107 0.36865891511508664
-0.6973380342759626 0.36683043514521535
-0.6739547266177601 0.3648431832895063
-0.6493520530464058 0.36270593165161497
-0.6236377523035797 0.3604275136731809
-0.5969192707982247 0.3580167945032869
-0.5693031841202534 0.35548264251064643
-0.5408946598614723 0.35283390200540576
-0.5117969635328871 0.35007936722835353
-0.48211100883233543 0.3472277576587724
-0.45193495297358144 0.34428769468244413
-0.4213638373157934 0.3412676796553416
-0.3904892730615873 0.3381760733895514
-0.35939917138512095 0.3350210770816405
-0.3281775169599378 0.3318107146951111
-0.29690418353925735 0.32855281680358833
-0.26565478992374586 0.32525500589236095
-0.23450059442428783 0.3219246831120455
-0.20350842569204794 0.318569016469535
-0.17274064763948352 0.3151949304378916
-0.1422551560328857 0.3118090969601938
-0.11210540424692837 0.30841792781769073
-0.08234045561148388 0.30502756832776473
-0.053005059764025905 0.30164389233394623
-0.024139750409413782 0.29827249844456816
0.004219038061753416 0.29491870747519044
0.03203883760212549 0.29158756104537437
0.05929099960816353 0.28828382127817964
0.08595053641611389 0.2850119715490312
0.11199595341823892 0.28177621822720256
0.13740907388175788 0.27858049335385726
0.16217485844211135 0.27542845819658246
0.18628122107819514 0.2723235076223009
0.20971884324901394 0.269268775227711
0.23248098770907957 0.2662671391678774
0.2545633133830658 0.2633212286220689
0.2759636925178405 0.2604334308381514
0.2966820311977214 0.2576058986957714
0.3167200941553423 0.2548405587310784
0.33608133468767093 0.25213911956511464
0.35477073034214657 0.2495030806814038
0.3727946249294513 0.24693374149793385
0.39016057729536346 0.24443221068177895
0.4068772171838916 0.2419994156556711
0.42295410842102965 0.23963611224861522
0.43840161956719725 0.23734289444369838
0.4532308020971869 0.23512020417982285
0.4674532761043908 0.23296834116505846
0.4810811234560445 0.2308874726627438
0.49412678827735906 0.22887764321302922
0.5066029845910809 0.2269387842556827
0.5185226109045149 0.22507072362169375
0.5298986714981768 0.22327319486450514
0.540744204151582 0.22154584640300243
0.551072214015133 0.21988825045181118
0.5608956133277869 0.21829991171597882
0.5702271666669397 0.21678027582998435
0.579079441417018 0.2153287375223881
0.587464763134942 0.21394464849070596
0.5953951755010422 0.21262732497178813
0.6028824045422235 0.21137605499604092
0.6099378268268032 0.21019010531484283
0.6165724413364857 0.20906872799283288
0.6227968447353601 0.20801116665786193
0.6286212097656493 0.20701666240338412
0.6340552665165866 0.20608445933896857
0.6391082863233971 0.2052138097865522
0.6437890680726359 0.2044039791204918
0.6481059267011096 0.20365425025126233
0.6520666836934901 0.20296392775316707
0.6556786593971874 0.2023323416375857
0.6589486669892222 0.20175885077384376
0.661883007942481 0.20124284596081315
0.6644874688547511 0.20078375265263396
0.66676731951604 0.2003810333427488
0.668727312103604 0.20003418961076572
0.6703716814059161 0.19974276383719866
0.67170414598982 0.19950634059129782
0.6727279102351521 0.19932454769772795
0.6734456671734875 0.19919705698783877
0.6738596020767074 0.19912358474172287
0.6739713967520855 0.19910389182724228
0.6737822345092038 0.19913778354250608
0.673292805773499 0.19922510916833666
0.6725033143297348 0.19936576123741176
0.6714134841868447 0.19955967452691228
0.6700225670638016 0.19980682478158138
0.6683293505033889 0.20010722717430385
0.6663321666289096 0.20046093451131647
0.6640289015648144 0.20086803518952337
0.6614170055506288 0.20132865091329974
0.658493503782816 0.2018429341786121
0.6552550080267402 0.20241106553231455
0.6516977290465893 0.20303325061482214
0.6478174899072974 0.20370971699460172
0.6436097402081384 0.2044407108032432
0.6390695713132928 0.2052264931801701
0.6341917326496175 0.2060673365364421
0.6289706491464208 0.20696352064751408
0.6234004398969766 0.2079153285851211
0.6174749381237091 0.20892304249916688
0.6111877125345827 0.20998693926054274
0.6045320901579827 0.21110728597675918
0.5975011807472974 0.21228433539240305
0.5900879028452696 0.21351832118729108
0.582285011600586 0.21480945318530406
0.5740851284250357 0.21615791248792102
0.5654807725801664 0.2175638465465257
0.5564643947755774 0.21902736418862345
0.5470284128604341 0.22054853061291135
0.5371652496778965 0.2221273623695552
0.5268673731494471 0.22376382234166292
0.5161273386421201 0.22545781474512383
0.5049378336654733 0.22720918016360045
0.4932917249242885 0.22901769063709757
0.4811821077480162 0.23088304482132874
0.46860235789238636 0.23280486323681635
0.45554618569586036 0.23478268362601193
0.44200769254971295 0.23681595643747225
0.4279814296223872 0.23890404045565766
0.4134624587484178 0.24104619859596998
0.3984464153758849 0.24324159388326957
0.38292957342839207 0.24548928563367314
0.36690891191988806 0.24778822585768648
0.3503821831225457 0.2501372559037531
0.33334798206292915 0.25253510336015844
0.315805817085516 0.2549803792335213
0.2977561811965759 0.2574715754207901
0.2792006238619609 0.26000706249213024
0.26014182290708887 0.262585087800479
0.24058365613180238 0.2652037739333741
0.22053127222295216 0.2678611175216945
0.19999116051698976 0.27055498841917036
0.17897121914027697 0.2732831292650698
0.15748082102230837 0.2760431554422539
0.13553087726060029 0.27883255544069335
0.11313389728902185 0.28164869163612805
0.09030404528795105 0.2844888014917141
0.06705719225673795 0.2873499991896555
0.04341096316458322 0.29022927769770884
0.01938477858206765 0.29312351127502956
-0.0050001097961460406 0.29602945841919076
-0.029720590329746277 0.29894376525554245
-0.05475166989111509 0.3018629693680144
-0.08006646016836781 0.3047835040690162
-0.10563617235674948 0.3077017031044456
-0.13143012075684596 0.3106138057883748
-0.15741573575890105 0.3135159625596328
-0.18355858666255054 0.31640424095189496
-0.2098224147278427 0.31927463196629663
-0.23616917680827104 0.32212305683462644
-0.2625590998539639 0.32494537415891206
-0.2889507465186858 0.32773738741248765
-0.3153010920272797 0.33049485278506124
-0.34156561239796346 0.33321348735388895
-0.36769838402392585 0.33588897756032343
-0.3936521945581216 0.3385169879716981
-0.41937866493651854 0.3410931703046083
-0.4448283823114644 0.34361317268676145
-0.4699510435632119 0.34607264913181596
-0.4946956089739671 0.3484672692011473
-0.5190104655621325 0.35079272782577536
-0.5428435994776898 0.35304475526006274
-0.5661427767764862 0.35521912713847353
-0.5888557318041545 0.35731167460587
-0.6109303623397375 0.3593182944914228
-0.6323149305628184 0.3612349594950508
-0.6529582688457319 0.3630577283560273
-0.6728099892892546 0.3647827559717908
-0.6918206958756947 0.36640630343643177
-0.7099421980374437 0.3679247479664366
-0.7271277244144754 0.3693345926833123
-0.7433321355168064 0.37063247622125634
-0.7585121339930848 0.3718151821295696
-0.7726264711763275 0.37287964803905144
-0.7856361485775702 0.37382297456289293
-0.7975046129938332 0.3746424339027847
-0.8081979439106168 0.37533547813187507
-0.8176850319033756 0.3758997471271795
-0.825937746774858 0.3763330761249093
-0.8329310942104475 0.37663350287331393
-0.8386433597906661 0.37679927435887667
-0.8430562392631843 0.37682885308283853
-0.8461549540565431 0.3767209228665538
-0.8479283511001379 0.37647439416546213
-0.8483689861114811 0.37608840887306494
-0.8474731896142078 0.3755623445978549
-0.8452411150605098 0.37489581839772723
-0.8416767685488762 0.3740886899582284
-0.836788019750512 0.3731410642025732
-0.8305865937851966 0.37205329332327075
-0.8230880439179238 0.37082597822691526
-0.8143117050824996 0.3694599693857837
-0.8042806283695166 0.3679563670911771
-0.7930214967561726 0.3663165211061664
-0.780564522483747 0.3645420297163875
-0.7669433266254512 0.36263473818022135
-0.7521948015097879 0.3605967365806966
-0.7363589567960701 0.3584303570844036
-0.7194787501077188 0.35613817061323505
-0.7015999032499972 0.3537229829378943
-0.6827707051329477 0.35118783020252786
-0.6630418026270607 0.3485359738931203
-0.6424659806513241 0.3457708952621003
-0.6210979328834638 0.3428962892251804
-0.5989940245335061 0.339916057746191
-0.5762120486867945 0.33683430272872744
-0.5528109777543778 0.33365531843353613
-0.5288507116065069 0.33038358344306984
-0.5043918239718452 0.3270237521945546
-0.47949530870328316 0.323580646106006
-0.4542223274854855 0.32005924431834754
-0.428633960554962 0.31646467408003415
-0.4027909619588288 0.31280220079989945
-0.3767535208412213 0.3090772177958189
-0.35058103018099296 0.3052952357662155
-0.3243318643549507 0.3014618720145869
-0.298063166794578 0.29758283945359676
-0.27183064895345377 0.2936639354208772
-0.24568840167091352 0.28971103033375195
-0.21968871994824837 0.28573005621527625
-0.1938819420121973 0.2817269951194198
-0.168316303453585 0.277707867487557
-0.14303780708567324 0.27367872046490516
-0.11809010905747411 0.26964561620762334
-0.09351442162288412 0.26561462020983334
-0.0693494328430233 0.26159178968019464
-0.045631243366938995 0.2575831619966166
-0.022393320311946657 0.25359474326778264
0.0003335318655588726 0.24963249702878781
0.02252118373520448 0.245702333098479
0.04414417684291688 0.24181009662471847
0.06517970371304585 0.23796155734238417
0.08560757246746081 0.23416239906985176
0.1054101567418941 0.23041820946642957
0.12457233166266435 0.22673447007438777
0.143081396745243 0.2231165466660703
0.16092698664357333 0.21956967991754545
0.17810097075874565 0.2160989764271712
0.1945973427685993 0.21270940009763067
0.21041210119487644 0.2094057638978691
0.22554312216087186 0.20619272202096436
0.23999002552976648 0.20307476245128223
0.25375403562545296 0.20005619995479557
0.26683783775784736 0.1971411695030613
0.2792454317644556 0.1943336201423265
0.29098198378398427 0.19163730931501258
0.30205367744513745 0.1890557976426047
0.31246756563870437 0.18659244417486073
0.32223142399570126 0.18425040211102403
0.3313536071577937 0.18203261499566994
0.3398429088686092 0.1799418133919322
0.3477084268606313 0.17798051203252183
0.35495943344536907 0.17615100744826998
0.3616052526462261 0.17445537607225187
0.36765514463643967 0.1728954728169084
0.37311819816915687 0.17147293011951173
0.3780032316006435 0.17018915745119317
0.382318703026783 0.1690453412826863
0.3860726299634467 0.1680424454997177
0.38927251891715514 0.16718121225913227
0.3919253051018676 0.16646216327666316
0.3940373024733997 0.1658856015355998
0.3956141641648645 0.1654516134053141
0.39666085332391804 0.16516007115738135
0.3971816242701045 0.16501063586648482
0.39718001381245466 0.16500276068244804
0.3966588424921193 0.1651356944591644
0.39562022544404296 0.1654084857255286
0.39406559250514556 0.1658199869829454
0.3919957171347418 0.1663688593135311
0.3894107536570345 0.16705357728256906
0.38631028228365255 0.16787243411866196
0.38269336133079357 0.16882354715425152
0.3785585860038435 0.16990486350955442
0.37390415309209807 0.17111416600196946
0.36872793088577643 0.17244907926371683
0.3630275336100265 0.17390707604943073
0.3568003996516164 0.1754854837164074
0.35004387284925387 0.17718149085909174
0.342755286110484 0.17899215408064245
0.33493204662562936 0.1809144048832042
0.32657172195173667 0.18294505665999142
0.31767212625704355 0.1850808117713198
0.30823140603099053 0.18731826868778062
0.2982481245894563 0.18965392918346993
0.2877213447296559 0.19208420556294717
0.27665070892135013 0.1946054279055383
0.2650365164539571 0.19721385131123859
0.2528797969966611 0.19990566313279454
0.24018238006809506 0.20267699017907118
0.22694695995577652 0.2055239058749698
0.21317715566682383 0.20844243736426457
0.1988775655401943 0.21142857254156217
0.18405381619556632 0.2144782670005455
0.16871260554223985 0.21758745088605325
0.15286173961724298 0.22075203563853138
0.13651016307500083 0.22396792061889761
0.119667983190613 0.22723099960404425
0.10234648729366821 0.23053716714218325
0.08455815358725591 0.2338823247594499
0.0663166553600821 0.23726238700810395
0.04763685863518172 0.24067328734873003
0.028534813342180415 0.24411098385899235
0.00902773814256086 0.24757146476152617
-0.010866000932008624 0.2510507537653283
-0.031126917825695655 0.25454491521419514
-0.051734439564695034 0.2580500590382188
-0.0726669448581454 0.26156234550286966
-0.09390180791101382 0.2650779897524357
-0.11541544713801524 0.2685932661444121
-0.1371833784490084 0.27210451237240973
-0.15918027275191773 0.2756081333746951
-0.18138001731750084 0.2791006050282201
-0.20375578061773333 0.28257847762528093
-0.22628008026447405 0.28603837913437885
-0.24892485364239356 0.2894770182432613
-0.27166153084988304 0.2928911871863564
-0.29446110954126875 0.29627776435634295
-0.3172942312789839 0.2996337167022566
-0.3401312589926501 0.3029561019147051
-0.3629423551676365 0.3062420704021499
-0.38569756036941816 0.30948886705907314
-0.40836687174463415 0.312693832830864
-0.4309203211248867 0.31585440607680426
-0.453328052400745 0.3189681237369136
-0.47556039782103354 0.3220326223048803
-0.4975879529094023 0.3250456386125549
-0.5193816496933221 0.32800501042978825
-0.5409128279686507 0.3309086768850044
-0.5621533043329547 0.33375467871089676
-0.5830754387499136 0.33654115832112064
-0.6036521984163549 0.33926635972255526
-0.6238572187379932 0.3419286282697288
-0.6436648612246366 0.34452641026598513
-0.6630502681511503 0.3470582524180278
-0.6819894138419061 0.3495228011493175
-0.7004591524623245 0.3519188017785494
-0.7184372622184214 0.3542450975690814
-0.7359024858885465 0.3565006286556334
-0.7528345676272252 0.35868443085409435
-0.7692142860066804 0.3607956343611286
-0.78502348327037 0.36283346234901953
-0.800245090801763 0.3647972294625991
-0.8148631508199363 0.3666863402239727
-0.828862834333902 0.36850028735123896
-0.842230455401394 0.37023864999716277
-0.8549534817545696 0.37190109191399634
-0.8670205418643895 0.37348735955003876
-0.878421428531469 0.37499728008390243
-0.8891470991009512 0.3764307594021394
-0.8991896724103602 0.37778778002590974
-0.9085424225869322 0.37906839899200856
-0.9171997698220776 0.38027274569381725
-0.9251572682543442 0.3814010196871172
-0.9324115911037857 0.3824534884662731
-0.9389605131996765 0.38343048521526557
-0.9448028910541951 0.3843324065387736
-0.9499386406335006 0.38515971017767764
-0.9543687129836239 0.3859129127136876
-0.9580950678674259 0.3865925872671731
-0.9611206455733116 0.3871993611926596
-0.9634493370534257 0.38773391377577854
-0.9650859525503943 0.3881969739355788
-0.9660361888700162 0.38858931793586493
-0.966306595455497 0.3889117671090734
-0.9659045394162892 0.38916518559598157
-0.9648381696617663 0.38935047810445145
-0.9631163802864501 0.3894685876901439
-0.9607487733494694 0.38952049356208374
-0.9577456211867943 0.3895072089156842
-0.9541178283897677 0.3894297787957493
-0.9498768935786841 0.38928927799176477
-0.9450348710948558 0.3890868089676553
-0.9396043327284709 0.38882349982799796
-0.9335983295952145 0.3885005023225817
-0.927030354266369 0.38811898989095256
-0.9199143032539514 0.3876801557485645
-0.9122644399435376 0.3871852110158748
-0.9040953580639934 0.38663538289173127
-0.8954219457738982 0.3860319128720635
-0.886259350441959 0.38537605501498906
-0.8766229441892579 0.3846690742531009
-0.866528290257922 0.38391224475376867
-0.855991110261816 0.3831068483279505
-0.8450272523722485 0.38225417288813096
-0.8336526604836617 0.3813555109557268
-0.8218833443986597 0.3804121582181834
-0.8097353510684564 0.3794254121360534
-0.7972247369171557 0.378396570600062
-0.7843675412735841 0.37732693063809364
-0.7711797609326013 0.3762177871722004
-0.7576773258566816 0.3750704318251112
-0.743876076032925 0.3738861517763736
-0.7297917394863634 0.3726662286673387
-0.7154399114573063 0.37141193755504953
-0.7008360347358293 0.370124545914097
-0.6859953811525937 0.3688053126862737
-0.6709330342130271 0.3674554873770247
-0.6556638728696812 0.3660763091986011
-0.6402025564104155 0.3646690062584989
-0.6245635104530302 0.3632347947931112
-0.6087609140206124 0.3617748784452298
-0.5928086876807055 0.36029044758498713
-0.576720482721436 0.3587826786730715
-0.5605096713414282 0.35725273366551674
-0.544189337824809 0.35570175945897425
-0.5277722706740932 0.3541308873756191
-0.511270955670691 0.352541232686648
-0.4946975698329909 0.35093389417342435
-0.4780639762392608 0.34930995372513307
-0.4613817196859195 0.3476704759721832
-0.44466202314477593 0.3460165079539641
-0.42791578498917465 0.34434907882020793
-0.4111535769538236 0.3426691995647297
-0.39438564279633415 0.34097786279064746
-0.3776218976241851 0.3392760425057531
-0.3608719278578401 0.33756469394740324
-0.3441449917916674 0.33584475343536596
-0.3274500207252881 0.3341171382521478
-0.31079562062686694 0.33238274654916006
-0.2941900743016336 0.3306424572782513
-0.2776413440295586 0.3288971301471231
-0.2611570746453164 0.32714760559805034
-0.24474459702536264 0.32539470480840177
-0.22841093195820794 0.32363922971257975
-0.21216279436327384 0.321881963043802
-0.1960065978350821 0.3201236683952859
-0.17994845948208435 0.31836509029952786
-0.16399420503635903 0.31660695432504055
-0.14814937420563074 0.31484996718931146
-0.13241922624755725 0.3130948168875983
-0.11680874573756925 0.3113421728361406
-0.10132264851175579 0.30959268602941
-0.08596538775966003 0.3078469892102044
-0.07074116024901275 0.3061056970521028
-0.05565391266183714 0.30436940635342896
-0.0407073480201913 0.30263869624164635
-0.02590493218786541 0.3009141283879399
-0.011249900428457249 0.2991962472309891
0.0032547359960209687 0.29748558020927557
0.01760618320222279 0.29578263800114163
0.03180185804871244 0.2940879147724147
0.045839381505181326 0.29240188843022774
0.05971657203354616 0.2907250208832351
0.07343143899910456 0.28905775830688596
0.08698217611671988 0.2874005314139247
0.1003671549481478 0.285753755728873
0.11358491845496155 0.2841178318665885
0.1266341746200521 0.2824931458138898
0.13951379014133616 0.280880069214319
0.15222278421067825 0.2792789596548889
0.16476032237903643 0.27769016095508975
0.1771257105180818 0.276114003457223
0.18931838888115385 0.2745508043179958
0.20133792627154015 0.27300086780060895
0.21318401431793188 0.271464485567554
0.22485646186618757 0.2699419369731029
0.23635518948620562 0.2684334893557484
0.2476802241001039 0.26693939832985925
0.25883169373194725 0.2654599080765431
0.26980982238238904 0.2639952516332645
0.2806149250290996 0.26254565118205364
0.29124740275532923 0.261111318335913
0.30170773800509976 0.2596924544235107
0.31199648996918006 0.2582892507714589
0.3221142900982083 0.25690188898449834
0.33206183774672904 0.2555305412228799
0.3418398959440824 0.25417537047727745
0.35144928729514535 0.2528365308405786
0.36089089000696156 0.2515141677768347
0.37016563404324165 0.2502084183868147
0.3792744974024598 0.24891941167045847
0.3882185025214603 0.24764726878564758
0.39699871279982535 0.24639210330363137
0.4056162292458916 0.24515402146064413
0.4140721872406872 0.2439331224058897
0.42236775341989496 0.242729498445516
0.43050412266876814 0.24154323528293875
0.43848251523174386 0.24037441225488487
0.4463041739305874 0.23922310256366527
0.4539703614918804 0.23808937350517168
0.46148235797978 0.23697328669280027
0.46884145833167007 0.23587489827725852
0.47604896999542823 0.23479425916204666
0.4831062106644416 0.23373141521478988
0.49001450610848285 0.23268640747430688
0.49677518809816135 0.23165927235335917
0.5033895924195282 0.2306500418372018
0.5098590569777083 0.2296587436777119
0.516184919984766 0.22868540158343426
0.5223685182321354 0.22773003540510606
0.5284111854422298 0.22679266131710307
0.5343142506987603 0.2258732919945029
0.5400790369522788 0.2249719367859291
0.5457068595987267 0.22408860188215438
0.5511990251283438 0.22322329048051312
0.5565568298430787 0.22237600294505838
0.5617815586391264 0.22154673696264524
0.5668744838537025 0.22073548769473847
0.5718368641718302 0.21994224792527936
0.5766699435930478 0.21916700820429832
0.581374950453923 0.21840975698760967
0.5859530965053164 0.21767048077244724
0.5904055760419722 0.2169491642291245
0.59473356508255 0.21624579032872798
0.5989382205974975 0.2155603404669768
0.6030206797835196 0.21489279458417088
0.6069820593821831 0.2142431312813579
0.6108234550413563 0.21361132793266777
0.6145459407171214 0.21299736079394774
0.6181505681144186 0.21240120510773852
0.6216383661654785 0.21182283520450954
0.6250103405433127 0.21126222460037478
0.6282674732097534 0.2107193460911535
0.6314107219952935 0.21019417184301953
0.6344410202107194 0.2096866734795371
0.6373592762874876 0.20919682216539562
0.6401663734469769 0.20872458868663418
0.6428631693961452 0.20826994352759023
0.6454504960490491 0.20783285694449152
0.6479291592725496 0.2074132990358111
0.650299938655277 0.2070112398093839
0.6525635872987359 0.2066266492463277
0.6547208316294267 0.2062594973618163
0.6567723712307412 0.2059097542627837
0.6587188786941933 0.20557739020250682
0.6605609994885514 0.2052623756321926
0.6622993518462462 0.20496468124956435
0.6639345266660884 0.2046842780445072
0.6654670874318152 0.20442113734175735
0.6668975701452139 0.20417523084075767
0.668226483273664 0.20394653065262294
0.6694543077109506 0.2037350093343328
0.6705814967513559 0.20354063992007995
0.6716084760756149 0.2033633959499508
0.6725356437491647 0.20320325149580593
0.673363370231354 0.20306018118453611
0.674091998395774 0.20293416021861901
0.6747218435609741 0.2028251643940622
0.6752531935313023 0.20273317011574093
0.6756863086475201 0.2026581544101619
0.6760214218469692 0.20260009493566566
0.676258738732909 0.20255896999011505
0.6763984376529178 0.20253475851607386
0.676440669786084 0.20252744010351448
0.6763855592389475 0.2025369949900578
0.6762332031499885 0.20256340405878231
0.6759836718025574 0.20260664883362675
0.6756370087463595 0.20266671147237925
0.6751932309272851 0.20274357475730434
0.674652328825755 0.202837222083401
0.6740142666035475 0.20294763744432223
0.6732789822592019 0.20307480541597192
0.6724463877921618 0.203218711137785
0.6715163693757975 0.2033793402917072
0.6704887875393419 0.20355667907891323
0.6693634773592452 0.20375071419422477
0.668140248659826 0.20396143279830312
0.6668188862238374 0.204188822487568
0.6653991500128831 0.20443287126191537
0.663880775398383 0.20469356749018103
0.6622634734031763 0.20497089987340603
0.6605469309541664 0.20526485740590883
0.6587308111466131 0.2055754293341406
0.6568147535202467 0.20590260511337707
0.6547983743479064 0.20624637436221432
0.6526812669370036 0.20660672681490974
0.6504630019444626 0.20698365227155183
0.6481431277056358 0.2073771405460754
0.6457211705777528 0.20778718141213018
0.6431966352984637 0.20821376454681623
0.6405690053603045 0.20865687947225767
0.637837743401364 0.20911651549508345
0.6350022916132538 0.2095926616437489
0.6320620721667898 0.2100853066037528
0.6290164876559706 0.21059443865077862
0.6258649215616355 0.211120045581659
0.6226067387347475 0.21166211464330745
0.6192412859007091 0.21222063245951997
0.6157678921852522 0.2127955849556982
0.6121858696625359 0.21338695728153362
0.6084945139271212 0.21399473373152494
0.6046931046894067 0.2146188976635485
0.6007809063967473 0.21525943141527074
0.5967571688799116 0.2159163162186163
0.5926211280271874 0.21658953211207463
0.5883720064855363 0.21727905785110618
0.5840090143910925 0.2179848708164406
0.5795313501291232 0.21870694692041628
0.5749382011248998 0.21944526051129787
0.570228744666058 0.2201997842756525
0.565402148757872 0.22097048913872966
0.5604575730121514 0.22175734416290935
0.5553941695710476 0.22256031644419194
0.5502110840662229 0.22337937100683827
0.5449074566153999 0.22421447069602105
0.5394824228560787 0.2250655760687052
0.5339351150187316 0.22593264528257687
0.528264663039169 0.22681563398325344
0.5224701957124008 0.22771449518959597
0.516550841887938 0.2286291791773183
0.5105057317082583 0.2295596333608093
0.5043339978908705 0.2305058021732862
0.4980347770554736 0.23146762694523115
0.4916072110967009 0.23244504578121908
0.4850504486037691 0.23343799343511595
0.47836364632751904 0.23444640118375185
0.47154597069621396 0.23547019669903965
0.4645965993805554 0.23650930391864364
0.4575147229088018 0.23756364291523635
0.45029954633303637 0.2386331297643551
0.4429502909470867 0.23971767641094774
0.4354661960564414 0.24081719053471562
0.4278465208020809 0.24193157541412608
0.42009054603651597 0.24306072978949536
0.41219757625563436 0.24420454772475841
0.4041669415833444 0.2453629184685034
0.3959979998129811 0.2465357263138256
0.387690138502511 0.24772285045755507
0.3792427771262076 0.2489241648585874
0.3706553692814918 0.2501395380956144
0.36192740495205866 0.25136883322419373
0.35305841282599987 0.25261190763343006
0.34404796267053106 0.2538686129021201
0.3348956677610113 0.2551387946547569
0.32560118736593313 0.25642229241721487
0.31616422928569016 0.2577189394724678
0.3065845524461561 0.25902856271623115
0.29686196954444244 0.260350982512911
0.2869963497483199 0.2616860125516635
0.2769876214459893 0.26303345970301206
0.2668357750467819 0.2643931238759184
0.2565408658302002 0.265764797875623
0.2461030168435786 0.2671482672621633
0.23552242184374664 0.2685433102101169
0.2247993482848996 0.26994969736918994
0.21393414034676833 0.271367191726329
0.2029272220037044 0.2727955484691511
0.19177910013084565 0.27423451485105366
0.18049036764517665 0.2756838300581272
0.16906170667910453 0.2771432250779996
0.15749389178301482 0.27861242257086627
0.14578779315318371 0.2800911367429478
0.13394437988320876 0.2815790732223673
0.1219647232338478 0.28307592893783273
0.1098499999175653 0.284581392000302
0.09760149539413038 0.2860951415877824
0.085220607172217 0.28761684783356084
0.07270884811427838 0.2891461717178536
0.060067849735758766 0.2906827649635979
0.04729936549858965 0.2922262699359909
0.03440527408950253 0.2937763195465119
0.021387582679695843 0.2953325371613978
0.008248430158834863 0.29689453651494974
-0.005009909661539108 0.2984619216277696
-0.018385024883708495 0.30003428673042487
-0.03187436240265554 0.3016112161924858
-0.045475224837597666 0.3031922844574917
-0.05918476752154547 0.3047770559838909
-0.07299999555823758 0.30636508519243816
-0.08691776095114725 0.3079559164199674
-0.10093475981701713 0.30954908388032804
-0.11504752968739163 0.311144111632211
-0.1292524469114305 0.3127405135546924
-0.1435457241632358 0.31433779333015177
-0.15792340806914879 0.31593544443558386
-0.17238137695721834 0.31753295014180555
-0.18691533874563518 0.31912978352167254
-0.2015208289716619 0.3207254074666997
-0.21619320897909616 0.3223192747132889
-0.23092766426646577 0.32391082787800196
-0.24571920301312078 0.32549949950294144
-0.2605626547869303 0.32708471211081863
-0.2754526694501591 0.3286658782706685
-0.2903837162676335 0.3302424006738174
-0.3053500832341459 0.331813672221072
-0.3203458766260584 0.33337907612081247
-0.33536502079241154 0.33493798599876357
-0.35040125819163187 0.33648976601924024
-0.3654481496896441 0.3380337710186817
-0.3804990751239721 0.3395693466511164
-0.3955472341514804 0.3410958295465568
-0.4105856473819483 0.34261254748173714
-0.4256071578157731 0.3441188195642622
-0.44060443258992116 0.3456139564298016
-0.45556996504618275 0.3470972604529813
-0.47049607712683467 0.3485680259717458
-0.4853749221136921 0.3500255395260611
-0.50019848771225 0.35146908011043615
-0.5149585994956708 0.3528979194410558
-0.529646924713129 0.35431132223733575
-0.544254976473027 0.355708546518329
-0.5587741183060487 0.3570888439139094
-0.5731955691179301 0.3584514599911659
-0.5875104085349268 0.35979563459582325
-0.6017095826514832 0.36112060220916603
-0.615783910181068 0.3624255923201848
-0.6297240890188804 0.36370982981343725
-0.6435207032170781 0.3649725353724181
-0.6571642303761731 0.36621292589856513
-0.6706450494552031 0.3674302149459944
-0.6839534490020573 0.3686236131720005
-0.6970796358029306 0.36979232880320645
-0.710013743951612 0.3709355681174734
-0.7227458443361168 0.37205253594145743
-0.7352659545405593 0.37314243616381065
-0.7475640491574848 0.3742044722638601
-0.7596300705073271 0.37523784785579917
-0.7714539397561975 0.376241767248032
-0.783025568428733 0.377215436017864
-0.7943348703032587 0.37815806160100074
-0.8053717736815622 0.3790688538958332
-0.8161262340231166 0.37994702588235707
-0.8265882469298118 0.38079179425533893
-0.8367478614665351 0.3816023800713786
-0.8465951938057776 0.38237800940982214
-0.8561204411767774 0.38311791404694345
-0.8653138961024891 0.38382133214312225
-0.8741659609058645 0.3844875089426792
-0.8826671624625256 0.38511569748577146
-0.8908081671811696 0.385705159332151
-0.8985797961846288 0.3862551652960297
-0.9059730406699064 0.38676499619177085
-0.9129790774187135 0.3872339435896955
-0.9195892844328362 0.387661310581562
-0.9257952566633583 0.3880464125549696
-0.9315888218065446 0.38838857797624515
-0.9369620561317269 0.38868714918093566
-0.9419073003113925 0.38894148317138805
-0.9464171752180564 0.38915095242058695
-0.9504845976539311 0.3893149456815456
-0.9541027959772446 0.3894328688014471
-0.9572653255883661 0.3895041455397239
-0.9599660842381186 0.3895282183892391
-0.9621993271198115 0.3895045493996978
-0.9639596817055812 0.38943262100238474
-0.9652421622873046 0.38931193683530557
-0.966042184181506 0.38914202256778563
-0.9663555775576742 0.38892242672351623
-0.9661786008484452 0.3886527215011096
-0.9655079537006758 0.3883325035910396
-0.9643407894256821 0.3879613949880125
-0.9626747269073093 0.3875390437976066
-0.9605078619267349 0.38706512503616786
-0.9578387778627987 0.38653934142274965
-0.9546665557278375 0.3859614241620704
-0.95099078349845 0.38533113371718825
-0.9468115647031631 0.38464826057092766
-0.9421295262274862 0.38391262597463577
-0.9369458253002371 0.3831240826832611
-0.9312621556244522 0.38228251567541915
-0.9250807526188616 0.3813878428573181
-0.9184043977361985 0.38044001574921704
-0.9112364218274395 0.3794390201532592
-0.9035807075217813 0.37838487680135063
-0.8954416905959272 0.37727764198200436
-0.8868243603051683 0.3761174081446204
-0.8777342586552671 0.3749043044802581
-0.8681774785928114 0.3736384974774392
-0.858160661096572 0.3723201914518404
-0.8476909911541444 0.3709496290486045
-0.8367761926115467 0.36952709171608655
-0.8254245218853816 0.3680529001497192
-0.8136447605324764 0.3665274147049878
-0.8014462066708505 0.3649510357779649
-0.7888386652570649 0.3633242041528926
-0.7758324372159564 0.3616474013147112
-0.7624383074380742 0.3599211497264996
-0.7486675316471527 0.3581460130696823
-0.7345318221588379 0.35632259644684955
-0.7200433325423069 0.3544515465453633
-0.7052146412111179 0.35253355176136403
-0.6900587339649715 0.35056934228275
-0.6745889855144536 0.34855969013059124
-0.6588191400172526 0.34650540915753353
-0.6427632906677185 0.3444073550030407
-0.6264358583746862 0.3422664250039847
-0.6098515695753578 0.3400835580603416
-0.5930254332295186 0.3378597344548728
-0.5759727170472455 0.33559597562642696
-0.5587089230030436 0.33329334389607707
-0.5412497621939596 0.33095294214553467
-0.5236111291045792 0.32857591344763687
-0.5058090753376935 0.3261634406478083
-0.4878597828829079 0.3237167458968829
-0.4697795369886032 0.3212370901344617
-0.45158469871031237 0.3187257725227392
-0.4332916772093037 0.316184129830592
-0.4149169018774219 0.3136135357678248
-0.39647679436555816 0.3110154002694672
-0.3779877405963714 0.3083911687303292
-0.35946606283904503 0.3057423211895115
-0.3409279919329637 0.30307037146578925
-0.3223896397349329 0.30037686624301446
-0.30386697188215495 0.2976633841072117
-0.28537578094448934 0.29493153453442017
-0.2669316600571049 0.29218295683097856
-0.24854997710782464 0.2894193190256541
-0.23024584956920432 0.2866423167155372
-0.21203412004623967 0.28385367186503424
-0.19392933262699275 0.28105513156004136
-0.175945710106751 0.2782484667172347
-0.15809713216460536 0.2754354707500709
-0.1403971145616233 0.27261795819206447
-0.12285878943184686 0.2697977632787394
-0.10549488673318977 0.2669767384895864
-0.088317716918173 0.264156753050839
-0.07133915488593193 0.2613396914007946
-0.05457062527103407 0.2585274516192065
-0.03802308911678273 0.2557219438217534
-0.02170703198276805 0.2529250885217775
-0.00563245352414074 0.2501388149603151
0.010191141416543675 0.24736505940695297
0.02575475017948603 0.24460576343238505
0.04104987809060762 0.24186287215520594
0.05606854267939784 0.23913833246458968
0.07080327629719396 0.23643409122098125
0.08524712713020255 0.23375209343649012
0.09939365860200619 0.23109428043777208
0.11323694717467347 0.22846258801274685
0.1267715785555377 0.22585894454408212
0.1399926423298167 0.2232852691311643
0.15289572504057525 0.22074346970325637
0.16547690174798274 0.21823544112579304
0.17773272610064333 0.21576306330286288
0.18966021896669144 0.21332819927723298
0.20125685566630624 0.21093269333171366
0.21252055186656502 0.20857836909301627
0.22344964819334995 0.20626702764169844
0.2340428936297781 0.20400044562994052
0.2442994277694456 0.20178037341025973
0.2542187620031993 0.19960853317716307
0.26380075971670414 0.19748661712509344
0.27304561558931506 0.19541628562413813
0.28195383407833124 0.19339916541728924
0.2905262071872785 0.19143684784068477
0.29876379161125277 0.1895308870702664
0.30666788536196926 0.18768279839681912
0.3142400039738553 0.18589405653223914
0.3214818563975169 0.18416609394922406
0.3283953206856498 0.18250029925726935
0.3349824195816572 0.180898015616922
0.34124529611833476 0.17936053919509834
0.34718618933748435 0.17788911766349638
0.3528074102384181 0.17648494874277204
0.3581113180661645 0.17514917879426017
0.3631002970447885 0.17388290146204105
0.3677767336647113 0.17268715636684653
0.37214299462585526 0.17156292785449234
0.3762014055398099 0.17051114380048307
0.37995423048946875 0.16953267447279954

