1.28474431844521 0.019955276111738297
1.286980976960602 0.017424257420671743
1.2890636085763147 0.014875364530032978
1.2909885621850927 0.012308737163127569
1.2927521950554328 0.009724522884486456
1.294350876029842 0.0071228772609528085
1.2957809888352094 0.0045039640234868115
1.2970389355063676 0.0018679552288634826
1.2981211399228165 -0.0007849685780876164
1.2990240514593463 -0.0034546182026876705
1.2997441487502341 -0.006140795638320901
1.3002779435672367 -0.008843293904817978
1.3006219848109648 -0.011561896887059645
1.3007728626152537 -0.014296379174181757
1.300727212563823 -0.017046505899245074
1.3004817200183998 -0.01981203257980789
1.3000331245571484 -0.022592704959470005
1.2993782245221244 -0.0253882588502565
1.2985138816741226 -0.028198419976486564
1.2974370259531764 -0.031022903819764705
1.2961446603424522 -0.03386141546587166
1.2946338658333332 -0.036713649453124324
1.2929018064889943 -0.03957928962267106
1.2909457346034758 -0.04245800897095635
1.2887629959529672 -0.04534946950454206
1.2863510351360365 -0.04825332209709794
1.283707400998434 -0.05116920634945168
1.2808297521387269 -0.05409675045224674
1.2777158624899174 -0.05703557105182212
1.2743636269723997 -0.05998527311925257
1.2707710672127597 -0.06294544982302673
1.2669363373229472 -0.06591568240543383
1.262857729733832 -0.06889554006290395
1.2585336810769303 -0.0718845798304471
1.253962778107046 -0.07488234647079407
1.2491437636597724 -0.07788837236774221
1.2440755426346333 -0.08090217742509322
1.2387571879980905 -0.083923268970039
1.23318794679612 -0.08695114166252145
1.2273672461689522 -0.08998527740999607
1.2212946993586415 -0.09302514528804652
1.2149701116985654 -0.09607020146778654
1.2083934865778674 -0.09911988914883016
1.201565031366959 -0.10217363849988505
1.1944851632961506 -0.1052308666058417
1.187154515275034 -0.10829097742226608
1.1795739416406055 -0.11135336173774149
1.171744523823661 -0.11441739714372155
1.1636675759198951 -0.11748244801272197
1.1553446501528304 -0.12054786548516605
1.1467775422174415 -0.12361298746445029
1.1379682964882296 -0.12667713862158836
1.128919211080201 -0.1297396304088773
1.1196328427476352 -0.1327997610832634
1.1101120116062608 -0.13585681573967087
1.100359805664726 -0.13891006635439015
1.0903795851492057 -0.14195877183918848
1.0801749866069457 -0.14500217810608523
1.0697499267725832 -0.148039518143288
1.0591086061819706 -0.1510700121024419
1.0482555125174382 -0.154092867397528
1.0371954236673473 -0.15710727881598632
1.0259334104856497 -0.16011242864179523
1.0144748392335816 -0.1631074867912278
1.0028253736878492 -0.1660916109613473
0.9909909768985016 -0.16906394679161468
0.9789779125794211 -0.1720236280390229
0.9667927461166573 -0.1749697767666094
0.9544423451772565 -0.17790150354587206
0.9419338799015678 -0.1808179076735235
0.9292748226648331 -0.18371807740238197
0.9164729473901732 -0.18660109018712084
0.9035363283998995 -0.1894660129445271
0.8904733387861761 -0.19231190232932568
0.8772926482910876 -0.19513780502466907
0.8640032206761631 -0.19794275804869862
0.8506143105720837 -0.2007257890763229
0.8371354597914125 -0.2034859167771783
0.8235764930941845 -0.20622215116934922
0.8099475133918654 -0.2089334939894596
0.7962588963795139 -0.21161893907897564
0.7825212845849974 -0.2142774727869131
0.7687455808239132 -0.21690807438931312
0.7549429410537638 -0.21950971652505652
0.7411247666160712 -0.22208136564869632
0.727302695861438 -0.22462198249994078
0.7134885951509272 -0.22713052258993027
0.6996945492273046 -0.22960593670459503
0.6859328509544367 -0.23204717142470835
0.6722159904211888 -0.23445316966282606
0.6585566434079266 -0.23682287121718526
0.6449676592174036 -0.23915521334221307
0.6314620478696626 -0.24144913133590434
0.6180529666652932 -0.24370355914373737
0.6047537061210799 -0.24591742997909904
0.5915776752845342 -0.24808967696002027
0.5785383864348052 -0.2502192337621029
0.5656494391793259 -0.25230503528746956
0.5529245039579274 -0.2543460183494342
0.5403773049670784 -0.2563411223727109
0.5280216025195015 -0.25828929010882296
0.5158711748559708 -0.2601894683664024
0.5039397994266308 -0.2620406087562484
0.4922412336641695 -0.26384166845050494
0.48078919527057223 -0.2655916109556901
0.46959734204165404 -0.26728940689919817
0.45867925125629616 -0.2689340348287489
0.44804839865814183 -0.2705244820244032
0.43771813706107615 -0.2720597453224943
0.4277016746099654 -0.27353883195106565
0.4180120527317192 -0.27496076037613454
0.4086621238126206 -0.2763245611582244
0.3996645286396883 -0.27762927781859204
0.3910316736471548 -0.278873967714334
0.3827757080092051 -0.2800577029217851
0.37490850062303455 -0.281179571127428
0.36744161702767725 -0.28223867652554974
0.3603862963057134 -0.28323414072185477
0.35375342801673837 -0.28416510364218595
0.3475535292123618 -0.2850307244455639
0.34179672158597313 -0.28583018244044117
0.3364927088079945 -0.28656267800357416
0.33165075410355566 -0.2872274335001915
0.32727965812567483 -0.28782369420479936
0.3233877371821647 -0.28835072922136185
0.3199828018727839 -0.28880783240192054
0.3170721361945945 -0.28919432326259203
0.31466247717488405 -0.2895095478957455
0.3127599950896304 -0.2897528798773784
0.3113702743283101 -0.28992372116834536
0.31049829496314296 -0.29002150300844176
0.31014841508321994 -0.2900456868020019
0.3103243539520942 -0.2899957649938612
0.3110291760478399 -0.2898712619343966
0.31226527604362825 -0.28967173473238644
0.3140343647861066 -0.28939677409439996
0.3163374563278867 -0.2890460051494053
0.3191748560689804 -0.2886190882573046
0.3225461500613001 -0.28811571979998163
0.32645019552734017 -0.28753563295364015
0.3308851126440515 -0.2868785984409338
0.33584827763887987 -0.28614442526167555
0.34133631724492025 -0.28533296140057046
0.3473451045569196 -0.2844440945108097
0.3538697563302721 -0.2834777525719039
0.36090463175844006 -0.2824339045206879
0.3684433327658266 -0.28131256085373635
0.376478705844214 -0.28011377420025735
0.3850028454633097 -0.27883763986365595
0.3940070990767124 -0.2774842963307858
0.4034820737443548 -0.2760539257473795
0.41341764438766904 -0.27454675435826736
0.4238029636874053 -0.2729630529113265
0.43462647363316953 -0.27130313702359027
0.4458759187261839 -0.269567367508424
0.4575383608330156 -0.2677561506625662
0.46960019568435807 -0.26586993851168556
0.4820471710056282 -0.2639092290135161
0.4948644062648386 -0.26187456621708965
0.5080364140135184 -0.25976654037735136
0.5215471227950434 -0.2575857880239066
0.5353799015881961 -0.25533299198290865
0.549517585748978 -0.25300888135108507
0.5639425044062572 -0.2506142314213254
0.578636509267159 -0.24814986355841395
0.5935810047769288 -0.2456166450245352
0.6087569795751805 -0.24301548875389226
0.6241450391884109 -0.24034735307533991
0.6397254398878454 -0.2376132413830115
0.655478123644615 -0.23481420175367562
0.6713827541001878 -0.231951326511277
0.6874187534754586 -0.2290257517374706
0.7035653403306636 -0.22603865672825774
0.7198015680856864 -0.2229912633966923
0.7361063642111807 -0.2198848356208468
0.7524585699895314 -0.21672067853776725
0.7688369807479555 -0.21350013778304358
0.7852203864610634 -0.21022459867607063
0.8015876126147249 -0.20689548535174368
0.8179175612276948 -0.20351425983805949
0.8341892519172192 -0.2000824210808312
0.8503818628978177 -0.1966015039159533
0.8664747718039023 -0.19307307798915227
0.8824475962180334 -0.18949874662496805
0.898280233795089 -0.18588014564493288
0.9139529018659681 -0.18221894213644543
0.9294461764087028 -0.17851683317311495
0.9447410302738524 -0.1747755444878705
0.9598188705529347 -0.17099682910011008
0.9746615749815952 -0.1671824658979609
0.9892515272681426 -0.16333425817762362
1.003571651244121 -0.15945403214104764
1.0176054437351678 -0.15554363535361682
1.031337006052199 -0.15160493516411266
1.0447510740119172 -0.1476398170879112
1.0578330463924308 -0.14365018315655206
1.0705690117413644 -0.13963795023499312
1.0829457734547405 -0.135605048309128
1.0949508730518 -0.13155341874582852
1.106572611577146 -0.12748501252769504
1.1178000690663512 -0.12340178846520676
1.1286231220169438 -0.11930571138934935
1.1390324588182814 -0.11519875032606014
1.1490195930920037 -0.11108287665710602
1.1585768749121583 -0.10696006226825423
1.167697499871709 -0.10283227768937718
1.1763755159766665 -0.09870149022848713
1.1846058283535545 -0.09456966210294047
1.192384201763557 -0.09043874857123292
1.1997072609257562 -0.086310696068267
1.2065724886591729 -0.08218744034717146
1.2129782218597516 -0.07807090463161025
1.2189236453388141 -0.0739629977810831
1.2244087835547566 -0.06986561247307904
1.2294344902782544 -0.06578062340554466
1.2340024362397743 -0.061709885522159495
1.2381150948124224 -0.05765523226520014
1.2417757257934208 -0.053618473858332454
1.2449883573524354 -0.049601395622830766
1.2477577662209483 -0.04560575633156559
1.2500894562051847 -0.041633286602451594
1.2519896351079778 -0.03768568733641036
1.2534651901526361 -0.0337646282022002
1.2545236620058686 -0.029871746171156434
1.2551732175010017 -0.026008644106243053
1.2554226211678192 -0.022176889406962857
1.2552812056778868 -0.018378012714580366
1.2547588413180275 -0.0146135066798226
1.2538659046068927 -0.010884824796393643
1.252613246171698 -0.007193380302842653
1.2510121580037563 -0.0035405451557126155
1.2490743402123234 7.23509236936426e-05
1.246811867397016 0.0036440213259887498
1.244237154758415 0.007173223352205684
1.2413629240667772 0.010658758930916131
1.2382021696062293 0.014099475253155127
1.2347681242117265 0.01749426532207814
1.231074225512474 0.020842068416422617
1.227134082493908 0.02414187046563322
1.222961442486239 0.027392704335700267
1.2185701586842344 0.03059365002447958
1.2139741582995307 0.0337438347650195
1.2091874114410022 0.036842433036599107
1.2042239008145343 0.03988866648275074
1.1990975923287202 0.04288180373555231
1.1938224066860448 0.0458211601465478
1.1884121920347255 0.048706097423909384
1.182880697749565 0.051536023176152045
1.1772415494030213 0.05431039036329086
1.171508224983252 0.05702869665545792
1.1656940324059606 0.05969048370086079
1.159812088363782 0.06229533630331468
1.1538752985461582 0.06484288151168545
1.1478963392592636 0.06733278762212379
1.1418876404649012 0.06976476309583877
1.1358613702544629 0.07213855539360517
1.129829420761939 0.07445394973059508
1.123803395518851 0.07671076775301054
1.1177945982423434 0.07890886614022487
1.1118140230441351 0.08104813513515319
1.1058723460401307 0.08312849700639242
1.0999799183353325 0.08514990444552374
1.094146760351441 0.08711233890365189
1.088382557460672 0.08901580887083976
1.0826966568819998 0.0908603481029687
1.0770980657922689 0.09264601380029659
1.0715954505990222 0.09437288474245176
1.06619713731868 0.09604105938439558
1.0609111129975026 0.09765065391872695
1.0557450281109735 0.0992018003092454
1.0507061998734593 0.10069464430098438
1.045801616385602 0.10212934341248661
1.0410379415463087 0.10350606491560252
1.0364215206526357 0.10482498380861015
1.0319583866087767 0.10608628078861117
1.027654266665322 0.10729014022882183
1.0235145896067332 0.1084367481670524
1.0195444933062228 0.10952629031115403
1.015748832565154 0.11055895006771942
1.012132187155061 0.11153490660006324
1.0086988699802961 0.11245433292161854
1.0054529352794561 0.11331739403101043
1.0023981867856797 0.11412424509477061
0.9995381857660888 0.11487502968390978
0.9968762588629287 0.1155698780703115
0.994415505660371 0.11620890558895676
0.9921588059031633 0.11679221107187353
0.9901088262959847 0.11731987535953205
0.9882680268146498 0.11779195989538291
0.9866386664635061 0.11820850540902678
0.9852228084164445 0.11856953069337589
0.9840223244823925 0.11887503148098863
0.9830388988400852 0.11912497942450544
0.9822740309904066 0.11931932118601363
0.981729037879278 0.11945797763980645
0.9814050551480054 0.11954084319287857
0.9813030374730527 0.11956778522712877
0.9814237579617968 0.11953864366703515
0.9817678065760664 0.11945323067623445
0.9823355875605558 0.11931133048613815
0.9831273158587771 0.11911269935938788
0.9841430125049627 0.1188570656906221
0.9853824989863863 0.1185441302466593
0.9868453905767741 0.11817356654784308
0.9885310886478075 0.11774502139194305
0.9904387719725449 0.11725811552157347
0.9925673870412619 0.11671244443573423
0.9949156374173408 0.11610757934565008
0.9974819721679606 0.11544306827469097
1.0002645734116986 0.11471843730173874
1.003261343032835 0.1139331919468976
1.0064698886193564 0.11308681869812745
1.0098875086901649 0.1121787866767448
1.013511177283658 0.1112085494396006
1.0173375279888968 0.11017554691499476
1.0213628375074257 0.1090792074692158
1.0255830088422258 0.1079189501000044
1.0299935542178702 0.10669418675284746
1.034589577843535 0.10540432475559326
1.0393657586371488 0.10404876936668754
1.0443163330386096 0.10262692643123465
1.0494350780429396 0.10113820513980432
1.054715294595314 0.09958202088324057
1.06014979149209 0.09795779819747683
1.065730869940216 0.09626497379125555
1.0714503089316014 0.0945029996495565
1.0772993515927907 0.09267134620543233
1.0832686926761546 0.09076950557199705
1.0893484673590215 0.08879699482688472
1.0955282415223704 0.08675335934028289
1.1017970036790488 0.08463817613832311
1.1081431587246942 0.08245105729244627
1.1145545236814478 0.08019165332591446
1.1210183256043758 0.0778596566279164
1.1275212018162697 0.07545480486598152
1.1340492026338385 0.07297688438675048
1.1405877967410725 0.07042573359568095
1.1471218793612779 0.06780124630527734
1.1536357833676836 0.06510337504273395
1.1601132934678005 0.062332134306039885
1.1665376635813005 0.05948760375942616
1.1728916375226612 0.05656993135763871
1.1791574730843914 0.053579336389363394
1.1853169696028099 0.05051611242981562
1.1913514990713667 0.0473806301930304
1.1972420408504227 0.0441733402739226
1.2029692200025914 0.040894775770944906
1.2085133492638938 0.037545554779956095
1.2138544746397715 0.03412638275035096
1.218972424593308 0.030638054694758346
1.2238468627708232 0.02708145724362088
1.2284573441858018 0.023457570536835046
1.232783374759252 0.019767469944231737
1.2368044740892081 0.016012327607644084
1.2405002412976214 0.012193413797537111
1.2438504237781367 0.008312098077402238
1.246834988643192 0.004369850269539529
1.2494341966435525 0.0003682412170012028
1.2516286783100867 -0.0036910566643728352
1.253399512042489 -0.007806269047986752
1.2547283038472778 -0.011975519577077242
1.255597268404983 -0.016196829967798084
1.2559893111251144 -0.0204681203376054
1.2558881108279993 -0.02478720976182932
1.25527820267406 -0.029151817060627347
1.2541450609446305 -0.03355956181699221
1.2524751812635198 -0.038007965627914225
1.250256161836136 -0.042494453587486096
1.2474767832719134 -0.04701635600301152
1.244127086548362 -0.05157091034190058
1.240198448668818 -0.05615526340844131
1.2356836555630741 -0.060766473748095656
1.2305769717801613 -0.0654015142760849
1.2248742065240248 -0.07005727512748249
1.2185727755897156 -0.07473056672385367
1.2116717587642165 -0.07941812305261282
1.2041719522691463 -0.08411660515302809
1.1960759158353662 -0.08882260480346636
1.1873880140170854 -0.09353264840345676
1.1781144513738495 -0.09824320104324698
1.1682633011711703 -0.10295067075341503
1.1578445272759779 -0.1076514129266783
1.1468699989531925 -0.11234173490275254
1.135353498296872 -0.11701790070837263
1.1233107200695898 -0.12167613594112697
1.110759263750691 -0.12631263278908275
1.0977186176396658 -0.13092355517437965
1.0842101348950823 -0.13550504401081317
1.0702570014329167 -0.14005322256410302
1.0558841956504441 -0.14456420190331656
1.041118439984466 -0.14903408643192814
1.0259881443578671 -0.15345897948643422
1.0105233416135748 -0.15783498899019008
0.9947556150789494 -0.16215823315028846
0.9787180184492104 -0.16642484618495632
0.9624449882243579 -0.1706309840685206
0.9459722489765283 -0.1747728302813502
0.9293367117684382 -0.178846601551932
0.9125763660851668 -0.1828485535782676
0.8957301656816883 -0.18677498671580336
0.8788379087880027 -0.1906222516189083
0.8619401131478999 -0.1943867548234875
0.8450778864028468 -0.1980649642580408
0.8282927923633876 -0.20165341467071135
0.8116267137363518 -0.20514871296055806
0.795121711906553 -0.2085475434003835
0.7788198843875921 -0.21184667273999383
0.762763220578041 -0.215042955178332
0.7469934564746252 -0.21813333719315653
0.7315519290001279 -0.2211148622182612
0.7164794306201823 -0.22398467515678008
0.7018160649139145 -0.22674002672198543
0.6876011037757245 -0.2293782775948843
0.6738728469093147 -0.23189690239061006
0.6606684842742769 -0.23429349342459133
0.6480239621304067 -0.23656576427051082
0.6359738533073795 -0.23871155310281267
0.6245512323085518 -0.2407288258168409
0.6137875558345629 -0.2426156789201676
0.6037125492839241 -0.2443703421894985
0.5943540997579954 -0.24599118108803603
0.5857381560650865 -0.24747669893865568
0.5778886361796194 -0.24882553884930747
0.5708273425775752 -0.2500364853869586
0.5645738858224165 -0.2511084659980286
0.559145616738993 -0.2520405521727665
0.5545575674617418 -0.2528319603527098
0.550822401601313 -0.25348205258025386
0.5479503737232548 -0.2539903368904729
0.5459492982853758 -0.25435646744569584
0.5448245281305232 -0.2545802444141012
0.5445789425823366 -0.2546616135941834
0.5452129451422192 -0.2546006657875686
0.5467244707370057 -0.2543976359232454
0.5491090024186276 -0.25405290193687186
0.552359597370021 -0.2535669834093898
0.5564669220255127 -0.2529405399697651
0.5614192960703701 -0.25217436946711397
0.5672027450405533 -0.25126940591819236
0.5738010612054122 -0.250226717236422
0.5811958723759002 -0.2490475027494473
0.5893667182476563 -0.24773309051233114
0.5982911338533088 -0.2462849344242864
0.607944739671465 -0.24470461115677986
0.6183013379096005 -0.24299381690177305
0.629333014458393 -0.24115436394856887
0.6410102459898741 -0.23918817709883175
0.6533020116604819 -0.23709728992867793
0.6661759088601036 -0.2348838409080305
0.6795982724432279 -0.23255006938676076
0.6935342968686615 -0.23009831145777462
0.7079481606695348 -0.22753099570756735
0.7228031526788177 -0.22485063886423265
0.738061799434262 -0.22205984135374437
0.7536859931946345 -0.2191612827750738
0.7696371200106136 -0.2161577173042823
0.7858761872988298 -0.21305196903899717
0.8023639503904203 -0.20984692729315527
0.8190610375361499 -0.20654554185307264
0.8359280728741526 -0.2031508182050194
0.8529257968874047 -0.1996658127445132
0.8700151838972567 -0.19609362797839142
0.8871575561744816 -0.19243740772868687
0.9043146942680829 -0.18870033234887604
0.9214489431852828 -0.18488561396199701
0.9385233140848548 -0.18099649173016463
0.9555015811781062 -0.17703622716449727
0.9723483735617287 -0.17300809948459966
0.9890292617400823 -0.1689154010362274
1.0055108386273957 -0.16476143277535898
1.0217607948534517 -0.1605494998264478
1.0377479882257108 -0.1562829071230959
1.0534425072375306 -0.1519649551379488
1.0688157285420816 -0.14759893570866206
1.083840368340006 -0.14318812796719568
1.0984905276664687 -0.13873579437727082
1.1127417315829158 -0.13424517688715057
1.1265709623157583 -0.12971949320206214
1.1399566864061117 -0.12516193318161536
1.1528788759624224 -0.12057565536657282
1.1653190241314055 -0.11596378363909184
1.1772601549263115 -0.11132940401979304
1.1886868275702245 -0.10667556160546109
1.1995851355344227 -0.10200525764971227
1.2099427004681877 -0.09732144678894171
1.2197486612311446 -0.09262703441600822
1.2289936582564427 -0.08792487420233028
1.2376698134806352 -0.08321776577087038
1.2457707060925705 -0.07850845251931877
1.2532913443574891 -0.07379961959469118
1.2602281337816108 -0.06909389201933046
1.2665788418884738 -0.06439383296747433
1.2723425598807008 -0.05970194219193426
1.2775196614633921 -0.055020654599983704
1.2821117591066848 -0.05035233897660768
1.2861216580230261 -0.04569929685384596
1.289553308133616 -0.04106376152363338
1.2924117542936886 -0.036447897192504686
1.2947030850427266 -0.031853798275095165
1.2964343801391467 -0.02728348882377211
1.297613657132305 -0.022738922091286928
1.2982498172167933 -0.018221980222997203
1.298352590605199 -0.013734474075521289
1.2979324816462812 -0.009278143157774548
1.2970007139052415 -0.004854655690684535
1.2955691754121326 -0.0004656087814183793
1.2936503642734474 0.0038874712916736887
1.2912573348300858 0.008203128688418217
1.2884036445336458 0.012479977513902266
1.2851033017003486 0.016716701228606995
1.2813707142903918 0.020912051965500337
1.2772206398475103 0.025064849759383962
1.2726681367223422 0.029173981692449193
1.2677285166903605 0.03323840096109032
1.2624172990634617 0.0372571258685948
1.2567501663825114 0.04122923874841342
1.2507429217665889 0.045153884822729
1.2444114479839488 0.04903027100073711
1.2377716682981905 0.05285766462150482
1.230839509133098 0.05663539214589906
1.2236308645902985 0.06036283780168475
1.2161615628420634 0.06403944218705626
1.208447334415598 0.06766470083604668
1.2005037823745863 0.07123816275035037
1.1923463543954673 0.07475942890197845
1.1839903167295618 0.07822815071048213
1.1754507300354433 0.08164402849832762
1.1667424270560678 0.08500680992925287
1.157879992114953 0.08831628843191586
1.1488777423945746 0.0915723016133785
1.1397497109585626 0.09477472966541946
1.1305096314746657 0.0979234937666912
1.1211709245888473 0.10101855448451309
1.1117466859018843 0.10405991017838512
1.1022496754925566 0.10704759540867224
1.0926923089317042 0.10998167935281056
1.0830866497281917 0.11286226423163218
1.0734444031463921 0.1156894837481656
1.0637769113335438 0.11846350154110775
1.0540951496949926 0.12118450965485403
1.0444097244530046 0.12385272702832971
1.0347308713268024 0.12646839800407192
1.0250684552697575 0.12903179085937877
1.0154319712014355 0.13154319636080164
1.0058305456709347 0.134002926343608
0.9962729393910876 0.13641131231709366
0.9867675505821027 0.13876870409702322
0.9773224190653427 0.1410754684661086
0.9679452310491657 0.14333198786334556
0.9586433245505643 0.14553865910284572
0.9494236953973582 0.1476958921228378
0.9402930037584445 0.1498041087651658
0.9312575811488768 0.1518637415861075
0.922323437863636 0.15387523269803338
0.9134962707897382 0.15583903264277668
0.9047814715522948 0.15775559929656557
0.8961841349523191 0.1596253968062781
0.8877090676527675 0.16144889455744527
0.8793607970758817 0.16322656617335488
0.8711435804729292 0.16495888854542748
0.8630614141324771 0.16664634089431823
0.8551180426934115 0.16828940386156163
0.8473169685320866 0.169888558631266
0.8396614611936483 0.17144428608158432
0.8321545668419297 0.17295706596513816
0.8247991177005933 0.17442737611826342
0.8175977414632363 0.17585569169824275
0.8105528706505511 0.17724248444793916
0.8036667518931417 0.17858822198744165
0.7969414551230299 0.1798933671317464
0.7903788826557155 0.18115837723401407
0.7839807781473285 0.18238370355368125
0.7777487354131267 0.18356979064863033
0.7716842070931346 0.1847170757909488
0.7657885131552173 0.18582598840517953
0.7600628492227139 0.18689694952878397
0.7545082947191987 0.1879303712937108
0.7491258208206926 0.1889266564285839
0.743916298207713 0.18988619778080998
0.7388805046117014 0.1908093778576791
0.7340191321484417 0.1916965683860459
0.7293327944345065 0.19254812988969067
0.7248220334819655 0.19336441128374757
0.7204873263666568 0.1941457494856956
0.7163290916685456 0.19489246904194016
0.7123476956792447 0.1956048817697433
0.7085434583760736 0.19628328641358023
0.7049166591595929 0.19692796831552706
0.7014675423530619 0.1975391990990932
0.6981963224630936 0.19811723636583484
0.695103189199261 0.1986623234044227
0.6921883122526893 0.1991746889114856
0.6894518458319574 0.19965454672390726
0.6868939329559886 0.2001020955620544
0.6845147095030631 0.20051751878354931
0.6823143080154755 0.2009009841471622
0.6802928612586664 0.2012526435865449
0.6784505055348143 0.2015726329933473
0.6767873837491644 0.20186107200957024
0.6753036482290664 0.2021180638287253
0.6739994632941246 0.20234369500565264
0.6728750075763624 0.2025380352747627
0.6719304760891918 0.20270113737648923
0.671166082043341 0.20283303689184637
0.6705820584082103 0.20293375208492256
0.6701786592164007 0.2030032837532601
0.6699561606093161 0.20304161508603252
0.6699148616210846 0.20304871153003062
0.6700550846981522 0.20302452066343693
0.670377175951299 0.20296897207745554
0.6708815051366679 0.20288197726587606
0.6715684653621172 0.20276342952268192
0.6724384725147106 0.20261320384788098
0.6734919644052182 0.20243115686171
0.6747293996245738 0.20221712672750816
0.6761512561076415 0.20197093308346922
0.6777580293986192 0.2016923769836441
0.6795502306127383 0.20138124084849818
0.6815283840879439 0.20103728842548493
0.683693024720696 0.200660264760012
0.6860446949789832 0.20024989617735453
0.6885839415859768 0.19980589027601312
0.6913113118670824 0.199327935933133
0.6942273497532023 0.19881570332260523
0.6973325914327547 0.1982688439465292
0.7006275606446606 0.19768699068079953
0.7041127636045144 0.19706975783560893
0.7077886835560006 0.19641674123172292
0.7116557749397043 0.1957275182934152
0.7157144571714785 0.19500164815900564
0.71996510802186 0.19423867181013166
0.72440805658938 0.19343811222072088
0.7290435758601105 0.1925994745268182
0.7338718748451999 0.19172224621863193
0.7388930902907745 0.190805897355816
0.7441072779524793 0.18984988080752377
0.749514403428806 0.18885363251858966
0.7551143325482468 0.18781657180320904
0.760906821304586 0.18673810166782123
0.7668915053378393 0.18561760916453357
0.7730678889564926 0.18445446577701527
0.7794353337002535 0.18324802784040542
0.7859930464428971 0.18199763699700758
0.7927400670350315 0.1807026206898369
0.7996752554916289 0.1793622926954951
0.8067972787263454 0.17797595369878705
0.8141045968404215 0.17654289191082767
0.8215954489747186 0.17506238373270838
0.8292678387351071 0.1735336944669899
0.8371195192064691 0.17195607907885174
0.845147977569442 0.17032878300956186
0.8533504193417102 0.16865104304405285
0.8617237522660486 0.1669220882350008
0.8702645698706281 0.1651411408858969
0.8789691347343433 0.16330741759491668
0.8878333614890347 0.1614201303624335
0.8968527995999844 0.1594784877639644
0.9060226159664111 0.1574816961912299
0.9153375773923421 0.1554289611632044
0.9247920329796713 0.15331948870982084
0.934379896505068 0.151152486830001
0.9440946288442004 0.14892716702649048
0.9539292205146539 0.14664274591950205
0.9638761744158217 0.144298446940936
0.9739274888483117 0.1418935021113596
0.9840746409050338 0.13942715390114144
0.9943085703303638 0.1368986571776251
1.0046196639520673 0.13430728123980012
1.0149977407985207 0.13165231194159308
1.0254320380187505 0.12893305390529386
1.0359111977339888 0.1261488328254603
1.046423254951899 0.12329899786466765
1.0569556266862616 0.1203829241411246
1.067495102429807 0.11740001530849838
1.0780278361345954 0.11434970622812433
1.0885393398644818 0.11123146573252299
1.0990144792845231 0.10804479948057728
1.109437471165491 0.10478925290232173
1.1197918830812665 0.10146441423266331
1.130060635486007 0.09806991763177042
1.14022600635997 0.09460544639017367
1.1502696386173399 0.09107073621594859
1.160172550472883 0.08746557860062913
1.1699151489644175 0.08378982426055381
1.179477246829238 0.08004338664972434
1.188838082933939 0.07622624553899324
1.1979763464518935 0.07233845065704997
1.2068702049810613 0.06838012538747598
1.2154973367900133 0.06435147051541051
1.2238349673719442 0.060252768017332134
1.231859910479344 0.05608438488615829
1.2395486137992202 0.05184677698423651
1.246877209418295 0.04754049291507565
1.2538215692103507 0.043166177905169086
1.2603573652626703 0.03872457768549407
1.266460135437057 0.03421654236252435
1.2721053541391976 0.029643030267713096
1.2772685083453645 0.025005111773708347
1.2819251789082295 0.020303973064620884
1.286051127132099 0.015540919848188652
1.2896223865771375 0.010717380995105092
1.2926153600140033 0.005834912092701599
1.2950069214144335 0.0008951988972457247
1.2967745228208734 -0.004099939329482446
1.2978963058961832 -0.009148546616142882
1.2983512179075851 -0.014248527225217262
1.298119131852226 -0.019397642761790637
1.2971809703809947 -0.024593509463760474
1.2955188331259901 -0.029833595691501583
1.2931161269834894 -0.03511521963468228
1.2899576988501078 -0.04043554725376991
1.2860299702539353 -0.04579159047533819
1.2813210732671596 -0.05118020565877873
1.275820987030692 -0.056598092352994366
1.2695216741650652 -0.062041792362184066
1.2624172162887997 -0.06750768913817189
1.2545039478104902 -0.07299200751855593
1.2457805871111978 -0.07849081382825132
1.236248364185435 -0.08400001636199088
1.2259111437621586 -0.08951536626605539
1.2147755428890012 -0.09503245883517762
1.2028510419233092 -0.10054673524199988
1.1901500878455582 -0.10605348471405907
1.1766881887838914 -0.1115478471736286
1.1624839986207396 -0.11702481635462446
1.1475593905430392 -0.12247924340939313
1.1319395183922283 -0.12790584101828584
1.1156528646814219 -0.1332991880119515
1.0987312741588378 -0.13865373451673263
1.081209971823395 -0.14396380763174382
1.0631275643399631 -0.14922361764331607
1.04452602383928 -0.15442726478413887
1.0254506531616467 -0.15956874653831257
1.0059500316588308 -0.164641965496534
0.986075940766168 -0.1696407377596679
0.9658832686421128 -0.17455880188995565
0.9454298932862566 -0.17938982840542808
0.9247765436640736 -0.18412742981171254
0.9039866385011119 -0.18876517116260838
0.8831261025469969 -0.19329658113984602
0.8622631602727413 -0.19771516363808445
0.8414681071171977 -0.20201440984153476
0.8208130585866631 -0.2061878107730344
0.8003716776805623 -0.21022887029684037
0.7802188813122517 -0.21413111855243563
0.7604305265912354 -0.2178881257938412
0.7410830780252262 -0.22149351660791863
0.7222532569113753 -0.22494098448101982
0.7040176743835388 -0.22822430668205596
0.6864524497888269 -0.23133735942692785
0.6696328162649303 -0.23427413328718893
0.6536327155863375 -0.23702874880318692
0.6385243845318274 -0.2395954722602936
0.624377935211853 -0.24196873158331314
0.6112609319520748 -0.24414313230367746
0.5992379674905661 -0.24611347355062227
0.5883702413777581 -0.24787476401656855
0.5787151435896158 -0.24942223784466863
0.5703258464614065 -0.2507513703850251
0.5632509081241865 -0.25185789376467554
0.5575338906769045 -0.2527378122150825
0.5532129963512027 -0.25338741709970963
0.5503207249197097 -0.25380330158365766
0.5488835555679379 -0.25398237488614495
0.5489216563818373 -0.2539218760566637
0.5504486245090585 -0.25361938721506605
0.5534712599225016 -0.2530728461959901
0.5579893755542754 -0.2522805585382309
0.5639956463745133 -0.2512412087602632
0.5714754997654368 -0.24995387086372878
0.5804070492831985 -0.2484180180080826
0.5907610736161417 -0.24663353130058882
0.6025010422335316 -0.244600707647598
0.615583188877347 -0.24232026661518707
0.6299566336883463 -0.2397933562490389
0.6455635543716285 -0.23702155780616693
0.6623394064034105 -0.234006889354083
0.6802131918688442 -0.23075180819525537
0.6991077760870121 -0.2272592120792599
0.7189402507521033 -0.22353243916759527
0.7396223418826957 -0.21957526672037656
0.7610608604360554 -0.2153919084787906
0.7831581930268778 -0.2109870107201707
0.8058128297655153 -0.2063656469694107
0.828919925848904 -0.20153331135259817
0.8523718931512607 -0.19649591058618998
0.8760590177204819 -0.1912597545991452
0.8998700987727863 -0.18583154579019975
0.9236931044880341 -0.18021836693013168
0.9474158396784553 -0.17442766772217635
0.9709266201982316 -0.16846725004130397
0.9941149488153793 -0.16234525187797536
1.0168721871649062 -0.1560701300183425
1.0390922183540658 -0.14965064149876564
1.0606720947946444 -0.14309582387895148
1.0815126659036127 -0.13641497438232922
1.1015191804203774 -0.12961762796101814
1.1206018582722455 -0.12271353434530775
1.1386764271378937 -0.11571263414605731
1.1556646191457778 -0.10862503408199675
1.1714946234717347 -0.1014609814110554
1.1861014909873133 -0.0942308376473472
1.1994274875257123 -0.08694505165480039
1.2114223928125007 -0.07961413220673749
1.2220437425955664 -0.0722486201121037
1.2312570120527873 -0.0648590600079717
1.2390357391099287 -0.057455971922767406
1.2453615868745862 -0.05004982272064243
1.250224344986402 -0.042650997535203336
1.2536218702704247 -0.03526977130872178
1.2555599676764513 -0.02791628055112371
1.2560522130675364 -0.020600495435824668
1.2551197199871211 -0.013332192350440877
1.2527908530774865 -0.006120927021025635
1.2491008913355361 0.0010239916723059877
1.2440916448690889 0.008093527070315536
1.2378110292520346 0.015078939183879349
1.2303126019640735 0.021971808103038355
1.2216550657352347 0.028764056254181603
1.2119017438965844 0.035447969394557376
1.2011200330537366 0.04201621624033221
1.1893808385587135 0.04846186662581773
1.1767579983477339 0.05477840809695991
1.1633277007378113 0.0609597608484702
1.1491679017395238 0.06700029091853317
1.134357747341634 0.07289482156181139
1.1189770060568127 0.07863864272957205
1.1031055167997188 0.08422751859119838
1.0868226568860648 0.0896576930411829
1.0702068346142046 0.09492589314307956
1.0533350105150776 0.10002933047089854
1.0362822509403609 0.10496570031775236
1.0191213172090055 0.109733178751123
1.00192229305347 0.11433041750449811
0.9847522526144978 0.11875653670394565
0.9676749707184591 0.12301111543993634
0.9507506766553931 0.1270941802051439
0.9340358521648703 0.1310061912287857
0.9175830738282514 0.13474802674958117
0.901440899573599 0.1383209652805781
0.885653798536767 0.1417266659284952
0.8702621230729295 0.1449671468427865
0.8553021213124586 0.14804476187837817
0.8408059882755854 0.1509621755682114
0.8268019532374863 0.15372233651024614
0.8133144007437666 0.1563284492845171
0.8003640224390652 0.15878394502458754
0.7879679966735516 0.16109245077759005
0.7761401927113573 0.16325775779442678
0.7648913962568221 0.16528378890117185
0.7542295529659786 0.16717456510874176
0.7441600265911251 0.16893417162579474
0.7346858684353224 0.17056672344525128
0.7258080948514745 0.17207633068069692
0.7175259696136537 0.173467063833243
0.709837288106921 0.17474291917303436
0.7027386604158198 0.17590778442329424
0.696225790551875 0.1769654049358412
0.6902937492204435 0.17791935054893823
0.6849372376993667 0.17877298331816727
0.6801508405724962 0.17952942631023294
0.6759292652269221 0.1801915336479531
0.6722675661813111 0.18076186199192193
0.6691613524605416 0.18124264364048728
0.6666069763643053 0.1816357614250612
0.664601702096278 0.18194272557184865
0.663143852820888 0.18216465269448617
0.6622329348004027 0.1823022470742734
0.6618697373351731 0.18235578437598352
0.6620564072864936 0.18232509793766455
0.6627964970088359 0.18220956776224392
0.6640949845582629 0.18200811232742675
0.665958265083095 0.1817191833180876
0.6683941123448796 0.18134076337241956
0.6714116093702158 0.18087036691925734
0.6750210473004975 0.18030504416970775
0.6792337915964318 0.1796413883111044
0.6840621148717311 0.17887554593571509
0.6895189957815125 0.1780032307206807
0.6956178835841136 0.17701974035900658
0.7023724282309101 0.1759199767248241
0.709796176125967 0.17469846923898721
0.717902232037207 0.17334940138374108
0.7267028880324252 0.1718666402982496
0.7362092207660171 0.17024376936888033
0.746430658941329 0.16847412371160514
0.7573745233318601 0.16655082842622232
0.7690455423432339 0.1644668394858333
0.7814453467425165 0.16221498710821383
0.7945719478548382 0.1597880214400477
0.8084192042256644 0.1571786603694785
0.8229762824562599 0.15437963926759815
0.8382271186262515 0.15138376244551033
0.8541498874066125 0.1481839561004814
0.8707164866260346 0.14477332251189282
0.8878920456587542 0.1411451952368566
0.9056344665448683 0.13729319504460902
0.9238940072103496 0.13321128631949808
0.9426129165040676 0.1288938336550274
0.9617251310082047 0.12433565835328876
0.9811560436690466 0.1195320945397863
1.0008223542420431 0.11447904459879105
1.0206320113198664 0.10917303363224244
1.0404842553170108 0.10361126264247489
1.0602697711888256 0.09779166014105002
1.079870958887611 0.09171293188572442
1.0991623285722851 0.08537460845231486
1.118011026416176 0.07877709035106022
1.1362774954783226 0.07192169040529686
1.1538162745509029 0.06481067311586039
1.170476936157036 0.057447290744683674
1.1861051629768602 0.04983581586222934
1.2005439599456824 0.041981570114818206
1.2136349971160076 0.033890948980131945
1.2252200761245877 0.025571442296982983
1.235142710806473 0.017031650369067237
1.2432498101653295 0.008281295459494747
1.2493934495828192 -0.000668771484599659
1.2534327138832757 -0.009806569024996006
1.2552355936759134 -0.019118988462558276
1.2546809143454705 -0.028591802208808494
1.2516602751723327 -0.03820967737616537
1.2460799743896418 -0.0479561946440417
1.2378628945614154 -0.05781387243131628
1.2269503215316901 -0.06776419638398043
1.2133036693865027 -0.07778765415992443
1.1969060834193805 -0.08786377546847098
1.177763893025341 -0.09797117729665607
1.1559078867880213 -0.10808761423019143
1.1313943827986213 -0.1181900337484982
1.1043060684436032 -0.12825463635231632
1.0747525855537572 -0.13825694035379885
1.0428708388898635 -0.14817185113769943
1.0088250084722379 -0.15797373467467
0.9728062491821416 -0.16763649505003606
0.9350320644138985 -0.17713365574215068
0.8957453442195364 -0.18643844437083512
0.8552130624271251 -0.19552388060823467
0.8137246314790831 -0.20436286693154804
0.7715899182635866 -0.21292828187550522
0.7291369288877281 -0.2211930754273181
0.68670917512441 -0.22913036619207697
0.6446627400994565 -0.2367135399409386
0.6033630655609432 -0.24391634914567864
0.5631814877715141 -0.250713013090517
0.524491553568357 -0.25707831814453763
0.4876651523832998 -0.26298771777257823
0.45306850396022763 -0.2684174318551864
0.42105804502181265 -0.2733445448885394
0.3919762612187616 -0.27774710263249064
0.36614751323833117 -0.2816042067762936
0.34387390789775835 -0.28489610719674135
0.32543126640179937 -0.287604291385226
0.31106524257575485 -0.2897115706313028
0.3009876438559801 -0.2912021625568037
0.2953730070339351 -0.29206176960721
0.2943554792352226 -0.292277653119784
0.29802605235735913 -0.29183870260273104
0.30643019619413375 -0.29073549987705904
0.31956593177361087 -0.28896037775094424
0.3373823820491444 -0.2865074729172686
0.35977883206980377 -0.2833727727859744
0.3866043251435338 -0.27955415598782574
0.4176578154004373 -0.27505142630914764
0.45268889058592776 -0.2698663398452319
0.49139907200019395 -0.2640026251858035
0.5334436913002272 -0.25746599647473645
0.5784343364967395 -0.2502641592172373
0.6259418520503663 -0.2424068087347775
0.6754998705343291 -0.2339056212014689
0.7266088460477418 -0.22477423722677994
0.7787405525358204 -0.21502823797834597
0.8313430034452004 -0.20468511387558083
0.8838457429204022 -0.19376422591171627
0.9356654530163393 -0.18228675969806127
0.9862118163435827 -0.17027567235339985
1.0348935692055627 -0.15775563239293947
1.081124676708424 -0.14475295280583123
1.1243305586435117 -0.13129551753385732
1.1639542931092288 -0.11741270160112939
1.1994627240134037 -0.10313528516481806
1.2303523986815783 -0.08849536179422995
1.256155262932667 -0.073526241298966
1.276444043025734 -0.05826234746666934
1.29083724696213 -0.04273911108048176
1.2990037215854056 -0.026992858617692482
1.3006667068014752 -0.01106069704569726
1.2956073339364391 0.005019604847426193
1.2836675217097802 0.02120973813587675
1.2647522304361682 0.03747097798380535
1.2388310427847875 0.053764309940661725
1.2059390476256535 0.07005055781154569
1.166177012053997 0.0862905126071304
1.1197108355078234 0.10244506206716467
1.0667702888411585 0.11847532025045572
1.007647050169802 0.1343427566828951
0.9426920581554166 0.1500093245531269
0.8723122119772686 0.16543758745309564
0.79696645549974 0.18059084416019985
0.717161290884575 0.19543325097069586
0.6334457740838285 0.20992994110041016
0.5464060511426174 0.22404714068039322
0.45665949992882837 0.23775228089300252
0.364848546797629 0.25101410580345906
0.271634231596082 0.263802775465522
0.1776895973767422 0.2760899638972382
0.08369298313786444 0.28784895154242335
-0.00967870124088932 0.2990547118619684
-0.1017566388115152 0.3096839917172768
-0.191886630306481 0.31971538523900217
-0.2794354042335595 0.3291294009001739
-0.36379663994769235 0.33790852154113943
-0.44439663550211767 0.3460372571242633
-0.5206995571160613 0.3535021900262891
-0.5922122129355345 0.36029201270747224
-0.6584883003451405 0.3663975576310266
-0.719132083213281 0.371811819334177
-0.7738014631996593 0.37652996859077886
-0.8222104172861746 0.3805493586333151
-0.8641307821031822 0.38386952343885744
-0.8993933741274066 0.38649216811379355
-0.9278884434333302 0.38842115144707867
-0.9495654671515785 0.3896624607316577
-0.9644322971195082 0.3902241789874015
-0.972553684182647 0.39011644474815615
-0.9740492091954402 0.38935140460647966
-0.9690906578232511 0.3879431587382126
-0.9578988826963886 0.38590769965725336
-0.9407402022208853 0.3832628444769699
-0.9179223903447258 0.3800281609808151
-0.8897903157440781 0.37622488782748675
-0.8567212922033048 0.37187584923942313
-0.819120204356059 0.36700536454260646
-0.7774144744479901 0.3616391529457382
-0.7320489363356831 0.3558042339628588
-0.6834806825907185 0.34952882389956935
-0.6321739493199844 0.3428422288345789
-0.5785951012329238 0.3357747345423736
-0.5232077765364521 0.32835749380722623
-0.4664682476174433 0.3206224115917817
-0.4088210490788105 0.31260202852293445
-0.35069491976444656 0.30432940316446844
-0.29249909990874523 0.29583799354477336
-0.23462001863345533 0.2871615384074829
-0.17741840075570084 0.2783339386495584
-0.12122681537043656 0.2693891394060652
-0.06634768202579053 0.26036101323343447
-0.013051743630296042 0.2512832448351874
0.03842299142445374 0.24218921775958047
0.08787184189136699 0.2331119034920484
0.1351235913011814 0.2240837533440385
0.18004018675615405 0.2151365935283305
0.22251602057212214 0.20630152379262173
0.26247682152730334 0.1976088199618538
0.2998781869893276 0.1890878407226068
0.33470379115057725 0.18076693895957532
0.3669633079333531 0.17267337793019646
0.3966900897806744 0.16483325254452974
0.4239386455793112 0.15727141598580788
0.4487819622477718 0.1500114118895144
0.4713087151802995 0.14307541226753867
0.4916204126963892 0.1364841613387728
0.5098285189505344 0.13025692540370978
0.526051598466601 0.12441144886878884
0.5404125235589538 0.11896391650329773
0.5530357834826063 0.11392892198330677
0.5640449312502411 0.10931944274846199
0.5735602007111036 0.10514682117409042
0.5816963227974339 0.1014207520320267
0.5885605658467 0.09814927618938156
0.5942510206878078 0.09533878046906843
0.5988551468014603 0.09299400357108369
0.6024485913969789 0.0911180479305068
0.6050942887629029 0.08971239736532136
0.6068418428114022 0.08877694034552465
0.6077271914114439 0.088309998694503
0.6077725469529509 0.08830836151438999
0.6069866036600184 0.0887673241088225
0.6053649985246277 0.08968073165985135
0.6028910094082653 0.09104102740040051
0.5995364708954629 0.09283930500945677
0.5952628859106133 0.09506536494474048
0.5900227089520502 0.09770777441663112
0.5837607750733311 0.10075393069708033
0.5764158474563439 0.10419012745035582
0.5679222555860357 0.10800162376418647
0.558211595634954 0.11217271555685274
0.5472144647010964 0.11668680903089634
0.5348622009865868 0.12152649584310357
0.5210886028421144 0.1266736296598362
0.5058316008050812 0.13210940376721816
0.4890348582893118 0.13781442940969324
0.4706492784186799 0.14376881453294946
0.4506343965859803 0.14995224261287537
0.4289596406213832 0.15634405126021905
0.4056054429474725 0.16292331029545862
0.38056419170120614 0.1696688990012792
0.35384101052008843 0.1765595822664247
0.32545435943104195 0.18357408534872593
0.29543645203905977 0.1906911669960572
0.26383348693301223 0.19788969067674597
0.23070569386901063 0.20514869368538363
0.19612719782517998 0.21244745390508754
0.1601857064274803 0.21976555402019013
0.12298202845309406 0.22708294299320922
0.08462943317369218 0.2343799946310448
0.045252862092967444 0.24163756308712916
0.004988006240741194 0.24883703515859346
-0.036019736492209825 0.25596037925845466
-0.07761640838918221 0.26299019095697934
-0.11964072690709945 0.2699097350066468
-0.16192539063937253 0.2767029837788518
-0.20429843893768906 0.2833546520609527
-0.2465846477986297 0.28985022817686656
-0.2886069447864789 0.29617600141204786
-0.3301878261460355 0.3023190857399499
-0.3711507598416212 0.308267439861914
-0.4113215590432897 0.31400988358886717
-0.4505297115260386 0.3195361106076765
-0.4886096515368679 0.324836697688442
-0.5254019619142535 0.3299031104039614
-0.5607544955538535 0.3347277054435945
-0.5945234067264619 0.3393037296173623
-0.6265740842060336 0.3436253156566074
-0.6567819796546802 0.347687474927787
-0.6850333262219813 0.35148608718669533
-0.7112257437955516 0.35501788750737423
-0.7352687288180605 0.358280450529784
-0.7570840279881405 0.36127217217532076
-0.776605896529294 0.3639922489871343
-0.7937812429760421 0.36644065525600095
-0.8085696636154962 0.36861811809733996
-0.820943370805038 0.3705260906481961
-0.8308870203605357 0.3721667235555049
-0.83839744406578 0.37354283492837775
-0.8434832940928495 0.3746578789282819
-0.8461646067326457 0.3755159131702915
-0.8464722933277141 0.37612156510818917
-0.8444475666648581 0.37647999757445
-0.8401413113318517 0.37659687364343786
-0.833613406673656 0.37647832098353995
-0.8249320110050612 0.3761308958597029
-0.814172815654041 0.3755615469438281
-0.8014182772316146 0.37477757908532
-0.7867568362606062 0.373786617188722
-0.7702821299482582 0.372596570339135
-0.7520922064844372 0.3712155963102265
-0.7322887477650162 0.3696520665820175
-0.7109763069349624 0.3679145319894221
-0.6882615665767455 0.3660116891142354
-0.6642526227885349 0.3639523475259032
-0.6390582997949954 0.361745397968883
-0.6127874991053784 0.35939978158533814
-0.5855485866311138 0.35692446025508745
-0.5574488205481409 0.3543283881252582
-0.5285938220973729 0.35162048439448096
-0.49908709093911696 0.34880960740848366
-0.4690295661157281 0.3459045301151595
-0.4385192331550753 0.34291391691938017
-0.407650777363783 0.33984630197058546
-0.3765152828896912 0.33671006890681926
-0.345199976744363 0.33351343207371825
-0.313788016581728 0.3302644192273247
-0.2823583207178131 0.3269708557242169
-0.25098543858531563 0.3236403501950568
-0.21973945957805363 0.32028028169148587
-0.18868595803769433 0.31689778828979687
-0.15788597198698057 0.3134997571300648
-0.12739601308428422 0.3100928158628264
-0.09726810520450874 0.30668332547154437
-0.06754984900049203 0.3032773744338967
-0.03828450978637686 0.299880774180715
-0.009511126106015871 0.29649905580812835
0.018735363609272568 0.2931374679948041
0.04642397882803914 0.28980097607243716
0.07352754157995309 0.28649426219711666
0.10002251033915446 0.28322172656401345
0.12588880533063151 0.2799874896092266
0.15110962735061845 0.27679539513851015
0.17567127203697075 0.2736490143231948
0.1995629413816768 0.2705516505024442
0.22277655413181227 0.2675063447298396
0.24530655655923905 0.26451588200382653
0.2671497349391653 0.2615827981201157
0.28830503091748716 0.2587093870858043
0.30877336080261425 0.2558977090353349
0.3285574396751896 0.2531495985893843
0.34766161107109117 0.25046667359923386
0.36609168286209404 0.24785034422086288
0.38385476984236266 0.24530182226389874
0.40095914340652183 0.2428221307636635
0.41741408861140555 0.2404121137249885
0.43322976880649045 0.2380724459902136
0.4484170979407712 0.23580364318467584
0.46298762057017057 0.23360607169618625
0.47695339952369425 0.2314799586469742
0.4903269111275811 0.22942540181883792
0.503120947829142 0.22744237949558946
0.5153485280269056 0.22553076018802978
0.5270228128687537 0.22369031221046667
0.5381570297570433 0.22192071307920808
0.5487644022702186 0.2202215587069001
0.5588580862004962 0.2185923723678269
0.5684511113881573 0.21703261341275695
0.5775563290305274 0.21554168571346208
0.5861863641402285 0.21411894581932053
0.5943535728257177 0.21276371081092563
0.6020700040739955 0.21147526583718718
0.609347365721608 0.21025287132442258
0.6161969943064359 0.20909576984821368
0.6226298285088987 0.20800319265966344
0.6286563858982374 0.20697436586020343
0.6342867427175911 0.2060085162198635
0.6395305164527721 0.20510487663586077
0.6443968509475405 0.20426269122916466
0.6488944038410883 0.20348122007829184
0.653031336121068 0.20275974359029394
0.6568153035999367 0.20209756651004385
0.6602534501375565 0.20149402156981527
0.6633524024490278 0.20094847278174
0.6661182663503487 0.20046031837657646
0.6685566243090597 0.200028993392746
0.670672534180969 0.19965397192005171
0.6724705290264773 0.19933476900305688
0.673954617913087 0.1990709422093796
0.6751282876223257 0.19886209286853684
0.6759945051909604 0.198707866987196
0.6765557212268482 0.1986079558469869
0.6768138739505221 0.19856209629114477
0.676770393923004 0.1985700707064986
0.6764262094301655 0.1986317067073841
0.6757817525025589 0.19874687652825318
0.6748369655584091 0.19891549613184284
0.6735913086657798 0.19913752403986745
0.672043767427535 0.19941295989338056
0.6701928615008536 0.19974184274999543
0.668036653770091 0.20012424912536086
0.6655727601988446 0.20056029078646856
0.6627983603946583 0.2010501123044351
0.6597102089258102 0.20159388837473677
0.6563046474361874 0.20219182091309595
0.6525776176115243 0.20284413593530468
0.6485246750544796 0.20355108022988416
0.6441410041335838 0.20431291783248232
0.6394214338754967 0.20512992631144475
0.6343604549751143 0.20600239287437266
0.6289522380031581 0.20693061030581544
0.6231906528942288 0.20791487274682724
0.6170692898033233 0.20895547132734096
0.610581481419459 0.21005268966319782
0.6037203268300935 0.21120679922970062
0.5964787170284199 0.2124180546245968
0.5888493621588546 0.21368668873346777
0.5808248205931237 0.21501290781144614
0.5723975299291374 0.21639688649548414
0.5635598400013667 0.21783876276203673
0.5543040479870606 0.21933863284558056
0.5446224356866634 0.22089654613395854
0.5345073090501127 0.22251250005695355
0.5239510400112228 0.22418643498507465
0.5129461106816484 0.22591822915600807
0.5014851599440598 0.22770769364652152
0.4895610324691627 0.22955456740810967
0.47716683016477046 0.23145851238504853
0.4642959660482424 0.23341910873363092
0.45094222051329047 0.23543585016164956
0.43709979993784054 0.2375081394077378
0.4227633975611834 0.23963528387949343
0.4079282565268725 0.24181649147031228
0.3925902349658441 0.2440508665740502
0.37674587296321405 0.24633740631689138
0.3603924612227128 0.24867499702554013
0.34352811121190396 0.2510624109505397
0.32615182653873187 0.2534983032632473
0.30826357527706194 0.25598120934457075
0.2898643629299199 0.2585095423824723
0.2709563056762423 0.26108159129598346
0.251542703527481 0.26369551900090077
0.23162811297502967 0.2663493610333615
0.21121841868898397 0.2690410245451361
0.1903209037914623 0.27176828768453654
0.16894431820421024 0.274528799375189
0.14709894454319053 0.27732007950398324
0.1247966610078885 0.28013951952856275
0.10205100069873119 0.2829843835127398
0.07887720677382729 0.285851809597649
0.05529228284707399 0.2887388119146388
0.03131503802280418 0.291642282944326
0.006966125954692148 0.2945589963252508
-0.017731922675458103 0.29748561011328545
-0.04275467485826312 0.30041867049163873
-0.06807577772937869 0.3033546159304364
-0.09366694937225706 0.3062897817913512
-0.11949797850251352 0.3092204053732647
-0.14553673353946894 0.312142631391533
-0.17174918154068608 0.3150525178826589
-0.19809941742824191 0.3179460425241018
-0.22454970388698225 0.3208191093574549
-0.25106052225706466 0.32366755590134694
-0.2775906346867335 0.3264871606393865
-0.3040971577321549 0.3292736508655988
-0.33053564753525366 0.33202271087003465
-0.35686019661621304 0.33472999044389534
-0.3830235422495659 0.3373911136835206
-0.4089771863028468 0.3400016880706529
-0.434671526321718 0.3425573138043685
-0.46005599757124493 0.3450535933604501
-0.4850792256354852 0.3474861412512105
-0.5096891890954277 0.34985059395875434
-0.5338333917084015 0.35214262001322355
-0.5574590434237371 0.3543579301869872
-0.5805132494747595 0.35649228777445935
-0.6029432067108852 0.358541518927539
-0.6246964062384914 0.3605015230149577
-0.6457208413719306 0.3623682829744109
-0.6659652198156893 0.3641378756253197
-0.6853791789366113 0.3658064819102669
-0.703913502926007 0.36737039703307267
-0.7215203405969477 0.36882604046123035
-0.73815342252441 0.37016996576101596
-0.7537682761984561 0.3713988702335073
-0.7683224378392441 0.37250960432033176
-0.7817756595110397 0.3734991807485919
-0.7940901101660871 0.3743647833847494
-0.8052305692639247 0.3751037757684586
-0.8151646116243229 0.3757137092976691
-0.8238627822111448 0.3761923310378567
-0.8312987595802442 0.37653759112885804
-0.8374495067834049 0.3767476497643019
-0.84229540858053 0.37682088371965505
-0.8458203938910969 0.3767558924064596
-0.8480120424979738 0.37655150343165467
-0.8488616751131561 0.37620677764247257
-0.8483644260171391 0.37572101363896215
-0.8465192975953384 0.37509375173789666
-0.8433291962129017 0.3743247773734237
-0.8388009489942606 0.3734141239218339
-0.8329453012024072 0.37236207493928486
-0.8257768940478543 0.37116916580358356
-0.8173142228916265 0.36983618475253954
-0.807579575947553 0.36836417331383414
-0.7965989537251722 0.3667544261227786
-0.7844019695944537 0.36500849012659603
-0.7710217319883091 0.3631281631755707
-0.7564947088939429 0.3611154920036334
-0.7408605754086083 0.35897276960227326
-0.7241620452640846 0.35670253199433566
-0.7064446873357297 0.3543075544154083
-0.6877567282637558 0.3517908469127179
-0.668148842413748 0.34915564937309523
-0.6476739304950766 0.34640542599340335
-0.6263868882334398 0.34354385920810054
-0.6043443665701819 0.34057484309115255
-0.5816045249076973 0.3375024762495508
-0.5582267789798692 0.33433105422904313
-0.5342715449440316 0.3310650614519768
-0.5097999813276619 0.32770916271067335
-0.4848737304559444 0.32426819423903225
-0.45955466099041553 0.3207471543874991
-0.4339046131863919 0.3171511939270344
-0.4079851484462621 0.3134856060087303
-0.38185730470314694 0.3097558158066966
-0.3555813591142574 0.305967369872609
-0.32921659947430626 0.302125925230632
-0.3028211056884834 0.2982372382429067
-0.2764515425458691 0.29430715327458995
-0.25016296495201273 0.2903415911898278
-0.2240086366650654 0.28634653770887164
-0.198039863468827 0.2823280316567501
-0.17230584160642087 0.2782921531352037
-0.14685352216322997 0.274245011647689
-0.12172749197114249 0.27019273420867057
-0.09696987147299099 0.2661414534676834
-0.07262022985018249 0.2620972958775771
-0.048715517594265456 0.2580663699375104
-0.025290016559283424 0.2540547545387219
-0.0023753074135084984 0.2500684874423836
0.019999745723417034 0.24611355391728706
0.041808993797911115 0.24219587556384148
0.06302898494502124 0.23832129935140886
0.08363893078939019 0.23449558689335415
0.10362065759278902 0.2307244039852498
0.12295854302798842 0.2270133104283377
0.14163943943685633 0.22336775016161126
0.15965258452443304 0.21979304172257183
0.17698950050413081 0.21629436905734953
0.19364388278101616 0.2128767726980304
0.209611479304785 0.20954514132551183
0.2248899617770539 0.2063042037329608
0.23947878992267846 0.20315852120519187
0.2533790700596473 0.2001124803275103
0.26659340921909197 0.1971702862351382
0.2791257660592358 0.1943359563150545
0.29098129982012777 0.19161331436829107
0.302166218537825 0.18900598524163387
0.31268762771888425 0.18651738993422456
0.3225533806334342 0.18415074118466634
0.331771931343582 0.18190903954225487
0.34035219153198026 0.17979506992455815
0.34830339213603667 0.17781139866225587
0.3556349507259584 0.1759603710312433
0.3623563454960922 0.17424410927005854
0.3684769966611361 0.17266451107978767
0.3740061559671949 0.17122324860262897
0.3789528049458775 0.1699217678735182
0.38332556245090255 0.16876128873856658
0.38713260192901255 0.16774280523270516
0.3903815787868088 0.16686708640798711
0.3930795681251211 0.1661346776029662
0.3952330130231909 0.16554590214252027
0.39684768346554744 0.16510086345681438
0.39792864591917243 0.16479944760685694
0.39848024348250993 0.16464132620379313
0.3985060864483192 0.16462595970789956
0.39800905304381995 0.16475260109284248
0.39699130003877103 0.16502029985998004
0.39545428284300366 0.16542790638702282
0.3933987846515245 0.16597407659476998
0.3908249541366172 0.166657276915275
0.3877323511339851 0.16747578954432063
0.3841199997232755 0.16842771796072525
0.3799864480615136 0.1695109926950169
0.3753298342956736 0.17072337732920487
0.370147957849799 0.17206247470989458
0.3644383553621291 0.1735257333563487
0.3581983805309492 0.17511045404530903
0.35142528711812854 0.17681379655442747
0.34411631435683093 0.17863278654592032
0.3362687740107677 0.18056432257250515
0.32788013834094193 0.18260518318763277
0.3189481282498181 0.18475203414202832
0.3094708008882564 0.18700143564948118
0.2994466360373366 0.18934984970416338
0.2888746206017796 0.19179364743275396
0.2777543305841603 0.19432911646472475
0.26608600994340464 0.19695246830469115
0.253870645780494 0.199659845690876
0.24111003933390074 0.20244732992451672
0.22780687231110755 0.205310948155427
0.2139647681304222 0.20824668060891127
0.19958834768754743 0.21125046774121506
0.18468327932105688 0.21431821730877426
0.16925632268464522 0.21744581134032964
0.1533153662983165 0.2206291129983807
0.1368694585902219 0.2238639733191203
0.119928832292342 0.22714623782003832
0.10250492210364584 0.23047175296457162
0.08461037557644105 0.23383637247480235
0.06625905723530942 0.23723596348232534
0.047466045972448356 0.24066641250992493
0.028247625815251948 0.24412363127550585
0.00862127019434647 0.24760356231184893
-0.011394380117317943 0.25110218439556736
-0.03177954518882864 0.2546155177794015
-0.05251334000149099 0.2581396292227589
-0.07357381413702402 0.2616706368160181
-0.09493799678835002 0.26520471459467926
-0.1165819467742247 0.26873809694022316
-0.138480807213587 0.2722670827644938
-0.16060886450334957 0.27578803947604946
-0.18293961122263863 0.27929740672662384
-0.20544581257464065 0.28279169993653325
-0.22809957597111313 0.28626751359895536
-0.25087242335420057 0.28972152436294557
-0.27373536584469815 0.2931504938953543
-0.29665898031192073 0.29655127152341554
-0.3196134874508563 0.29992079665861515
-0.3425688309674666 0.3032561010046327
-0.36549475746801774 0.3065543105509379
-0.38836089666452206 0.309812647355231
-0.41113684151342145 0.3130284311175465
-0.4337922279219554 0.3161990805499635
-0.4562968136608767 0.3193221145448604
-0.4786205561513326 0.3223951531469365
-0.5007336887955496 0.325415918332435
-0.5226067955489535 0.32838223460071486
-0.5442108834464123 0.3312920293830354
-0.5655174528150249 0.3341433332736576
-0.5864985649258296 0.33693428008851894
-0.607126906860541 0.339663106757301
-0.6273758533850834 0.3423281530541192
-0.6472195256503877 0.3449278611731634
-0.6666328465560449 0.34746077515487606
-0.6855915926385245 0.3499255401689566
-0.7040724423645324 0.3523209016602298
-0.7220530207322315 0.3546457043636109
-0.7395119401038875 0.35689889119446494
-0.7564288372125709 0.3590795020205308
-0.7727844063090593 0.3611866723220977
-0.7885604284258694 0.3632196317460599
-0.8037397967650712 0.36517770256094206
-0.8183065382224104 0.3670602980184702
-0.8322458310859938 0.36886692062840093
-0.8455440189576081 0.37059716035251944
-0.8581886209620297 0.3722506927239845
-0.8701683383222645 0.3738272768979811
-0.8814730573925832 0.3753267536397165
-0.8920938492504243 0.376749043255379
-0.902022965963098 0.3780941434721403
-0.9112538336484631 0.379362127272329
-0.9197810424635573 0.3805531406876207
-0.9276003336580345 0.38166740055834625
-0.9347085838385875 0.38270519226327565
-0.9411037865935269 0.3836668674247523
-0.9467850316336578 0.38455284159425956
-0.951752481606204 0.38536359192292646
-0.956007346744193 0.38609965482177455
-0.9595518575125758 0.38676162361590843
-0.9623892354156776 0.38735014619707975
-0.9645236621284328 0.387865922678505
-0.9659602471150999 0.38830970305598306
-0.9667049938965075 0.3886822848789571
-0.9667647651254004 0.3889845109350693
-0.9661472466268525 0.38921726695165043
-0.9648609105572057 0.3893814793172504
-0.9629149778315399 0.38947811282631806
-0.9603193799655619 0.38950816844982655
-0.9570847204730731 0.3894726811345722
-0.9532222359549536 0.3893727176336355
-0.9487437570111722 0.3892093743703572
-0.9436616691009713 0.38898377533802225
-0.9379888734705178 0.38869707003725074
-0.9317387482626663 0.3883504314530005
-0.9249251099148159 0.3879450540728172
-0.9175621749478016 0.38748215194796726
-0.9096645222395773 0.3869629567988005
-0.901247055872835 0.3863887161656337
-0.8923249686382455 0.3857606916062419
-0.8829137062702894 0.38508015694101966
-0.8730289324830706 0.38434839654651626
-0.8626864948721891 0.3835667036982654
-0.8519023917372223 0.3827363789633267
-0.8406927398775179 0.38185872864313364
-0.8290737434062618 0.3809350632670007
-0.8170616636213025 0.37996669613646517
-0.8046727899686641 0.37895494192077395
-0.7919234121247093 0.37790111530336
-0.7788297932232415 0.3768065296794957
-0.7654081442444821 0.3756724959048712
-0.7516745995782314 0.37450032109475545
-0.7376451937741508 0.3732913074737531
-0.7233358394804015 0.37204675127546977
-0.7087623065737678 0.37076794169182553
-0.6939402024786019 0.3694561598715271
-0.6788849536645506 0.3681126779668061
-0.6636117883188718 0.36673875822828145
-0.6481357201754949 0.3653356521468202
-0.632471533488048 0.36390459964192057
-0.6166337691268222 0.3624468282956865
-0.6006367117791868 0.3609635526315902
-0.584494378230933 0.35945597343720137
-0.5682205067039233 0.35792527713001243
-0.5518285472203366 0.35637263516514833
-0.5353316529707444 0.3547992034845173
-0.5187426726494734 0.35320612200576945
-0.5020741437326276 0.35159451415064114
-0.48533828666221573 0.3499654864112129
-0.46854699990717263 0.3483201279533695
-0.451711855865523 0.3466595102561768
-0.4348440975742936 0.34498468678615263
-0.41795463619404494 0.3432966927054661
-0.4010540492326444 0.34159654461289973
-0.384152579473162 0.3398852403164325
-0.3672601345730159 0.33816375863653053
-0.35038628729877885 0.33643305923894623
-0.33354027636196304 0.3346940824958934
-0.31673100782385555 0.3329477493747209
-0.2999670570342061 0.33119496135283694
-0.2832566710714868 0.3294366003578891
-0.2666077716542652 0.3276735287323514
-0.2500279584870717 0.32590658922096405
-0.23352451301654092 0.3241366049807143
-0.21710440256211244 0.32236437961177355
-0.2007742847945241 0.32059069720867606
-0.18454051253380188 0.31881632243079744
-0.16840913883674866 0.3170420005909237
-0.15238592235092452 0.3152684577613837
-0.13647633290516367 0.3134964008963766
-0.12068555731547959 0.311726517970007
-0.1050185053799031 0.30995947812887287
-0.08947981604019478 0.30819593185844574
-0.07407386368831595 0.30643651116239434
-0.05880476459834802 0.3046818297542307
-0.04367638345983718 0.3029324832600319
-0.028692339998690947 0.3011890494320615
-0.013856015663006982 0.29945208837202375
0.0008294396410819804 0.2977221427634833
0.015361100778791742 0.29599973811286245
0.029736260599490916 0.29428538299799745
0.04395242314403133 0.2925795693239828
0.05800729686325651 0.29088277258529693
0.07189878785720977 0.2891954521339682
0.08562499314983668 0.2875180514528333
0.09918419400710199 0.28585099843368916
0.11257484931084608 0.2841947056595358
0.12579558899812507 0.2825495706903429
0.1388452075722819 0.28091597635213533
0.1517226576956985 0.2792942910286739
0.16442704387134593 0.27768486895528566
0.17695761621836956 0.2760880505145757
0.18931376434981764 0.2745041625333301
0.20149501135563455 0.27293351858049225
0.2135010078973319 0.27137641926562234
0.225331526417723 0.2698331525375843
0.23698645546937402 0.2683039939831215
0.24846579416612913 0.266789207124841
0.25976964675848946 0.2652890437185503
0.2708982173367246 0.26380374404944285
0.2818518046632237 0.26233353722689834
0.2926307971342421 0.2608786414778093
0.303235667874999 0.25943926443780124
0.3136669699649819 0.25801560344063385
0.3239253317976784 0.25660784580504936
0.33401145257169373 0.25521616911928735
0.3439260979150677 0.25384074152280217
0.35367009564165486 0.25248172198509405
0.3632443316386049 0.25113926058152464
0.37264974588436345 0.24981349876591077
0.38188732859531227 0.24850456963985967
0.39095811650145407 0.24721259821846486
0.3998631892469996 0.24593770169261386
0.40860366591690434 0.24467998968741012
0.4171807016850032 0.24343956451696805
0.42559548458405627 0.24221652143516545
0.43384923239363243 0.2410109488825574
0.44194318964497603 0.23982292872918878
0.4498786247404857 0.2386525365132519
0.4576568271843283 0.23749984167569727
0.46527910492314933 0.23636490779054564
0.47274678179371293 0.2352477927909578
0.48006119507445294 0.2341485491911009
0.4872236931400459 0.23306722430352955
0.4942356332142267 0.2320038604523847
0.5010983792197738 0.2309584951821602
0.5078132997224706 0.2299311614621086
0.5143817659663911 0.22892188788627862
0.520805149998332 0.2279306988691109
0.5270848228775898 0.22695761483677107
0.5332221529698338 0.22600265241401443
0.5392185043219174 0.22506582460667426
0.5450752351141273 0.22414714097992894
0.5507936961894493 0.2232466078320294
0.5563752296546799 0.22236422836391803
0.5618211675531326 0.22150000284440785
0.5671328306050286 0.2206539287711738
0.5723115270138367 0.21982600102747374
0.57735855133586 0.21901621203467891
0.5822751834110598 0.2182245519005912
0.5870626873524512 0.21745100856364055
0.5917223105916459 0.2166955679330251
0.5962552829793957 0.2159582140246617
0.6006628159374686 0.21523892909322867
0.604946101661096 0.21453769376012555
0.6091063123690957 0.21385448713752647
0.6131445996000029 0.21318928694851724
0.6170620935523083 0.21254206964335162
0.6208599024667227 0.21191281051190264
0.6245391120489108 0.21130148379230745
0.6281007849307881 0.21070806277587223
0.6315459601684407 0.21013251990831813
0.634875652775336 0.20957482688735887
0.6380908532892111 0.20903495475665504
0.6411925273709116 0.20851287399621993
0.6441816154336573 0.2080085546093258
0.6470590323015626 0.20752196620591093
0.6498256668957857 0.2070530780825711
0.6524823819469785 0.20660185929917937
0.6550300137330002 0.20616827875213692
0.65746937184044 0.20575230524433638
0.6598012389487858 0.20535390755187896
0.6620263706362806 0.2049730544875596
0.6641454952061336 0.20460971496120564
0.6661593135324887 0.20426385803683875
0.6680684989246712 0.20393545298678542
0.6698736970091861 0.20362446934270914
0.6715755256283571 0.20333087694364224
0.6731745747549056 0.2030546459810344
0.6746714064217946 0.20279574704083553
0.6760665546661994 0.2025541511427194
0.6773605254873771 0.20232982977640315
0.6785537968175481 0.2021227549351387
0.6796468185051977 0.20193289914640736
0.6806400123102937 0.2017602354998407
0.6815337719109757 0.2016047376723865
0.6823284629209305 0.2014663799508036
0.6830244229174404 0.20134513725144212
0.6836219614793952 0.20124098513739194
0.6841213602350473 0.20115389983300366
0.6845228729191726 0.2010838582358114
0.6848267254392862 0.20103083792589607
0.6850331159507901 0.20099481717269266
0.685142214940729 0.20097577493928556
0.6851541653201101 0.2009736908841934
0.6850690825244493 0.20098854536069974
0.6848870546227193 0.2010203194137036
0.6846081424343662 0.20106899477415588
0.6842323796545076 0.20113455385107612
0.6837597729873405 0.20121697972116326
0.6831903022876614 0.20131625611604081
0.6825239207107023 0.2014323674071298
0.68176055487022 0.20156529858819303
0.6809001050052649 0.201715035255515
0.6799424451553231 0.20188156358581294
0.6788874233445318 0.20206487031180462
0.6777348617748569 0.20226494269550424
0.6764845570285984 0.202481768499239
0.6751362802804777 0.2027153359544033
0.67368977751968 0.20296563372795126
0.672144769782117 0.20323265088665124
0.6705009533933447 0.2035163768591014
0.6687580002225011 0.20381680139552158
0.6669155579477515 0.2041339145253206
0.664973250333539 0.2044677065124741
0.6629306775204029 0.20481816780867362
0.6607874163275115 0.20518528900431682
0.6585430205689186 0.2055690607772656
0.6561970213835754 0.20596947383947087
0.6537489275801909 0.20638651888138423
0.6511982259971341 0.20682018651423653
0.6485443818784558 0.2072704672101148
0.6457868392661911 0.20773735123993142
0.6429250214102457 0.20822082860918698
0.639958331195956 0.20872088899164062
0.6368861515906538 0.20923752166079435
0.6337078461094034 0.2097707154192982
0.630422759301372 0.21032045852617032
0.6270302172571245 0.21088673862192547
0.6235295281379486 0.21146954265157428
0.6199199827276939 0.21206885678556123
0.6162008550088791 0.2126846663385034
0.6123714027626881 0.21331695568595013
0.6084308681951024 0.2139657081789503
0.6043784785890468 0.21463090605661195
0.6002134469840674 0.21531253035656941
0.5959349728844092 0.21601056082338485
0.5915422429964708 0.21672497581489641
0.587034431996392 0.21745575220656402
0.5824107033294671 0.21820286529371408
0.5776702100412956 0.2189662886918777
0.5728120956429953 0.21974599423502714
0.5678354950104356 0.22054195187190173
0.5627395353192017 0.22135412956033312
0.5575233370161266 0.22218249315962396
0.5521860148284258 0.22302700632100247
0.5467266788113359 0.22388763037619983
0.5411444354357485 0.22476432422410378
0.5354383887167471 0.22565704421553776
0.5296076413835134 0.22656574403628274
0.523651296092814 0.22749037458818758
0.5175684566857061 0.22843088386861624
0.5113582294896903 0.2293872168480748
0.5050197246668608 0.230359315346126
0.49855205760848476 0.23134711790571139
0.49195435037845114 0.23235055966569562
0.48522573320427853 0.23336957223201804
0.47836534601903147 0.2344040835471239
0.4713723400535078 0.2354540177579548
0.46424587947963325 0.23651929508253308
0.45698514310708405 0.23759983167501092
0.4495893261313101 0.23869553948962766
0.4420576419373685 0.2398063261430827
0.43438932395675045 0.24093209477590563
0.4265836275798174 0.24207274391258915
0.4186398321241883 0.24322816732058683
0.4105572428583929 0.24439825386841765
0.4023351930827934 0.24558288738272127
0.39397304626692753 0.2467819465045165
0.38547019824441486 0.2479953045446184
0.3768260794646313 0.24922282933844092
0.3680401573019315 0.25046438310017444
0.3591119384224126 0.25171982227643414
0.350040971207747 0.2529889973995278
0.34082684823560927 0.25427175294048165
0.3314692088178852 0.25556792716171806
0.321967741593303 0.2568773519699016
0.31232218717741034 0.25819985276858165
0.30253234086600816 0.25953524831119246
0.29259805539335504 0.26088335055423495
0.2825192437432342 0.26224396451089654
0.2722958820110857 0.2636168881053293
0.2619280123173363 0.2650019120275296
0.25141574576947034 0.26639881958909667
0.24075926547104817 0.2678073865800372
0.22995882957631256 0.2692273811267071
0.21901477438780248 0.27065856355112267
0.20792751749583874 0.27210068623166705
0.19669756095569357 0.27355349346559144
0.18532549450105826 0.2750167213333256
0.1738119987911279 0.2764900975647589
0.16215784868706787 0.2779733414078306
0.1503639165548948 0.2794661634995773
0.1384311755930456 0.2809682657396094
0.12636070317722659 0.28247934116668183
0.1141536842227695 0.2839990738380326
0.10181141455593326 0.28552713871224544
0.08933530429354206 0.28706320153536724
0.07672688122328428 0.2886069187308688
0.0639877941813731 0.29015793729346384
0.05111981642136523 0.29171589468713455
0.038124848968519115 0.2932804187476094
0.025004923954772607 0.29485112758942783
0.01176220792700397 0.29642762951799184
-0.0016009948766044502 0.2980095229467129
-0.015082239290327037 0.2995963963197036
-0.028678936029062047 0.3011878280399613
-0.042388348552505395 0.30278338640383257
-0.056207589987090134 0.3043826295413558
-0.07013362011906213 0.3059851053634186
-0.0841632424625953 0.3075903515155275
-0.09829310141271042 0.30919789533864905
-0.11251967949326006 0.31080725383760277
-0.12683929470491936 0.31241793365685583
-0.14124809798597357 0.3140294310644392
-0.15574207079263652 0.31564123194399163
-0.17031702280946368 0.3172528117953482
-0.18496858980014713 0.31886363574403304
-0.19969223160710725 0.3204731585597882
-0.21448323031059408 0.32208082468450655
-0.22933668855846273 0.3236860682699641
-0.24424752807492872 0.32528831322541857
-0.2592104883626649 0.3268869732757823
-0.2742201256029088 0.32848145203001594
-0.28927081177177033 0.33007114306083324
-0.3043567339764568 0.3316554299952425
-0.31947189402754445 0.33323368661676983
-0.33461010825602133 0.33480527697941254
-0.3497650075861794 0.33636955553361547
-0.3649300378754747 0.3379258672645699
-0.38009846053287716 0.3394735478431703
-0.3952633534242943 0.341011923789669
-0.4104176120805235 0.3425403126507758
-0.42555395121165884 0.34405802318978107
-0.44066490654500856 0.345564355590628
-0.4557428369911993 0.3470586016756186
-0.4707799271525117 0.3485400451374008
-0.4857681901799902 0.3500079617851496
-0.5006994709917422 0.35146161980546325
-0.5155654498575427 0.3529002800378014
-0.5303576463618559 0.354323196265008
-0.545067423751902 0.3557296155189561
-0.5596859936766075 0.3571187784013146
-0.5742044213275092 0.35848991941997915
-0.5886136309836566 0.3598422673408836
-0.6029044119698008 0.36117504555564833
-0.6170674250304755 0.36248747246493535
-0.6310932091258138 0.3637787618777372
-0.644972188653065 0.36504812342670573
-0.6586946810945231 0.3662947629993819
-0.6722509050958901 0.36751788318556067
-0.68563098897632 0.3687166837408233
-0.6988249796665262 0.3698903620659065
-0.7118228520804134 0.3710381137024599
-0.7246145189114489 0.3721591328445378
-0.7371898408552637 0.3732526128661673
-0.7495386372527398 0.37431774686476615
-0.7616506971480327 0.3753537282202813
-0.7735157907553352 0.37635975116994547
-0.7851236813263034 0.37733501139846787
-0.7964641374088822 0.3782787066434588
-0.8075269454880929 0.3791900373159561
-0.8183019229948051 0.38006820713562695
-0.828778931672534 0.38091242378064133
-0.8389478912845256 0.38172189955165176
-0.848798793647351 0.3824958520497332
-0.8583217169728214 0.38323350486785857
-0.86750684049928 0.3839340882955154
-0.8763444593928064 0.38459684003610783
-0.884824999895649 0.3852210059366232
-0.8929390346997946 0.38580584072916463
-0.9006772985199527 0.3863506087837593
-0.9080307038412447 0.3868545848719969
-0.9149903568135243 0.38731705494087926
-0.9215475732634091 0.3877373168962723
-0.9276938947944834 0.3881146813953694
-0.933421104944173 0.3884484726474964
-0.938721245363565 0.3887380292225044
-0.9435866319886856 0.38898270486617154
-0.9480098711649025 0.3891818693216696
-0.9519838756912353 0.38933490915648106
-0.9555018807454583 0.38944122859384595
-0.9585574596524685 0.3895002503479355
-0.9611445394569923 0.3895114164618772
-0.9632574162602077 0.3894741891477104
-0.964890770280001 0.38938805162735607
-0.9660396805935686 0.38925250897362795
-0.9666996395204457 0.3890670889503192
-0.9668665666041083 0.3888313428503077
-0.9665368221493105 0.3885448463306896
-0.9657072202728401 0.3882072002438422
-0.9643750414249698 0.3878180314633481
-0.9625380443389132 0.3873769937036238
-0.9601944773663843 0.38688376833223265
-0.9573430891565613 0.38633806517352914
-0.9539831386381092 0.38573962330271666
-0.9501144042623915 0.3850882118288747
-0.9457371924689505 0.3843836306659515
-0.9408523453337492 0.38362571129037887
-0.9354612473623818 0.38281431748408384
-0.9295658313923486 0.3819493460617312
-0.923168583568747 0.3810307275808399
-0.916272547360308 0.3800584270335524
-0.9088813265845792 0.3790324445188372
-0.9009990874113615 0.377952815893668
-0.8926305593188051 0.3768196134021676
-0.8837810349750393 0.37563294628117266
-0.8744563690240003 0.37439296134114336
-0.8646629757544116 0.37309984352102926
-0.8544078256341627 0.37175381641579247
-0.8436984406965508 0.3703551427754706
-0.8325428887657021 0.36890412497439007
-0.8209497765131435 0.36740110544935467
-0.8089282413401034 0.36584646710556334
-0.7964879420837034 0.364240633689058
-0.7836390485484576 0.3625840701244955
-0.7703922298686672 0.36087728281713644
-0.756758641709439 0.35912081991777656
-0.7427499123210558 0.3573152715497974
-0.7283781274588402 0.3554612699967211
-0.7136558141939379 0.3535594898499083
-0.6985959236336436 0.35161064811469867
-0.6832118125836888 0.3496155042746108
-0.6675172241799423 0.34757486031211676
-0.6515262675290783 0.3454895606856145
-0.6352533963934068 0.34336049226120385
-0.6187133869674145 0.34118858419903086
-0.6019213147876243 0.33897480779275385
-0.5848925308333207 0.33672017626234474
-0.5676426368640758 0.33442574449849966
-0.5501874600579126 0.33209260875889
-0.5325430270082222 0.3297219063153512
-0.5147255371445254 0.32731481505167115
-0.4967513356419325 0.3248725530112624
-0.4786368858932745 0.322396377894913
-0.46039874161136896 0.31988758650764165
-0.44205351864096054 0.31734751415505164
-0.4236178665550787 0.3147775339887033
-0.40510844011538716 0.3121790563004753
-0.38654187067832463 0.3095535277660388
-0.36793473762667206 0.3069024306371247
-0.349303539915371 0.30422728188348064
-0.33066466780933723 0.3015296322837916
-0.3120343749044554 0.298811065466745
-0.29342875051242956 0.2960731969019645
-0.27486369249771475 0.29331767284170324
-0.25635488064899425 0.2905461692134923
-0.23791775067227214 0.2877603904648005
-0.21956746888513332 0.2849620683598892
-0.2013189076972444 0.2821529607301538
-0.1831866219539366 0.2793348501783548
-0.1651848262239639 0.2765095427381836
-0.14732737310338548 0.2736788664896601
-0.12962773261147822 0.2708446701319792
-0.11209897274635319 0.26800882151471156
-0.09475374126634387 0.26517320612861883
-0.0776042487608595 0.2623397255576516
-0.06066225306771966 0.2595102958933534
-0.04393904509201238 0.2566868461133606
-0.027445436075371005 0.2538713164255202
-0.01119174635880743 0.2510656565790709
0.004812204318923846 0.24827182414508936
0.02055710495529431 0.24549178276773265
0.036034159823291584 0.24272750038793778
0.05123509338988291 0.2399809474421927
0.06615215360210691 0.23725409503753458
0.08077811352634948 0.23454891310559844
0.09510627133932037 0.2318673685374126
0.1091304486716867 0.2292114233014016
0.12284498731501023 0.22658303254651452
0.1362447443054535 0.22398414269313419
0.14932508540730213 0.2214166895138999
0.16208187702414734 0.21888259620694417
0.17451147657356814 0.21638377146378449
0.18661072136434112 0.21392210753479007
0.19837691602765348 0.21149947829394558
0.20980781855066044 0.20911773730653965
0.22090162497880367 0.20677871590097777
0.23165695284480248 0.20448422124888616
0.2420728234029274 0.202236034454564
0.2521486427399485 0.20003590865746937
0.2618841818465498 0.19788556714991118
0.27127955573519424 0.19578670151265964
0.28033520169503834 0.19374096977116187
0.2890518567796916 0.1917499945747953
0.2974305346249073 0.18981536140213098
0.30547250170011914 0.18793861679437543
0.31317925309713074 0.18612126661993353
0.3205524879642058 0.18436477437245427
0.3275940846945635 0.18267055950497793
0.3343060759799281 0.181039995802755
0.3406906238424985 0.17947440979686874
0.34674999475541873 0.17797507922168423
0.3524865349670051 0.17654323151786824
0.3579026461390955 0.17518004238375307
0.363000761411292 0.17388663437719745
0.3677833220016298 0.17266407556997568
0.372252754450085 0.17151337825721083
0.37641144861164777 0.17043549772360078
0.3802617365005356 0.16943133106866934
0.38380587208479117 0.16850171609291972
0.3870460121267873 0.16764743024663234

