1.252683028093342 1.580717610275956
1.2252925051996133 1.4981598426856122
1.1980679290524718 1.417797189727418
1.1710088257077698 1.3395970867923137
1.1441147208464113 1.263527276441759
1.1173851424186898 1.1895558139488105
1.090819615782696 1.1176510517928673
1.064417672107627 1.0477816606316437
1.0381788368466172 0.9799165962973784
1.0121026446994628 0.9140251370878238
0.9861886219852933 0.850076836272657
0.960436302712396 0.7880415610420279
0.9348452176763278 0.7278894631865978
0.9094149021561945 0.66959099570788
0.8841448900780373 0.6131168969069103
0.8590347136737172 0.5584381883122731
0.8340839121984194 0.5055261916748102
0.8092920196636166 0.45435250028731633
0.7846585751585544 0.4048889991928015
0.7601831158349648 0.35710784856256694
0.7358651808491964 0.31098148991324903
0.7117043091945326 0.2664826399352975
0.6877000439518532 0.22358429634142274
0.6638519239153137 0.18225972080369846
0.6401594931488701 0.14248245424049655
0.6166222930710371 0.10422630109283904
0.5932398697501603 0.06746533966202883
0.5700117650592922 0.032173906035426025
0.5469375274161581 -0.0016733909661893476
0.5240166996902137 -0.03410168991582685
0.5012488326219788 -0.06513585900959384
0.4786334720260784 -0.09480051615978358
0.456170167017728 -0.12312001916830528
0.43385846690327934 -0.15011847184409688
0.4116979216962428 -0.17581972504943166
0.38968808297242735 -0.20024737752670718
0.36782850227026137 -0.22342477951246809
0.3461187331920801 -0.24537503221668777
0.3245583278636829 -0.266120993202727
0.30314684174599965 -0.2856852732955699
0.2818838299516443 -0.3040902420277203
0.26076884630567826 -0.3213580298317896
0.23980145028377126 -0.33751052408185156
0.2189811967129914 -0.35256937915304154
0.19830764620873964 -0.3665560100236859
0.17778035679584914 -0.37949160021343276
0.157398887362555 -0.39139710074055356
0.13716280070767456 -0.4022932302413609
0.117071656163239 -0.4122004808115901
0.09712501658801406 -0.4211391157214157
0.07732244486124826 -0.4291291730132173
0.05766350564399152 -0.4361904663726641
0.0381477624025058 -0.442342587847959
0.018774780866908834 -0.44760490817164844
-0.0004558730397781948 -0.45199657912225744
-0.01954463248277231 -0.45553653488114343
-0.03849192972983584 -0.4582434936562906
-0.057298195673793906 -0.46013595925450956
-0.07596386178459962 -0.46123222285645815
-0.09448935875857749 -0.4615503643073898
-0.1128751138623485 -0.461108253797592
-0.13112155738232212 -0.45992355340706836
-0.1492291164361803 -0.4580137186544373
-0.16719821810630514 -0.4553959999991133
-0.1850292881033644 -0.4520874444951193
-0.20272275153412345 -0.44810489724132885
-0.22027903347112465 -0.44346500269722455
-0.23769855843416882 -0.4381842062103114
-0.2549817474776987 -0.4322787565227151
-0.2721290242460469 -0.4257647053584317
-0.28914081156252824 -0.4186579097525708
-0.30601752767531853 -0.41097403531707555
-0.322759593639607 -0.402728554641955
-0.33936742879816373 -0.39393675056278654
-0.35584145181164484 -0.3846137171831442
-0.3721820799631992 -0.37477436173206735
-0.3883897306238179 -0.36443340514620093
-0.40446481865277145 -0.3536053851401594
-0.42040776159352683 -0.34230465415825373
-0.43621897264174947 -0.3305453855336543
-0.45189886629052767 -0.31834157102414906
-0.46744785599709593 -0.3057070237872179
-0.482866352781679 -0.2926553810256878
-0.4981547692404413 -0.27920010205034784
-0.5133135173584706 -0.2653544712951964
-0.5283430050912408 -0.2511316029526398
-0.5432436429049503 -0.23654443635707634
-0.5580158395392883 -0.2216057411560699
-0.5726600027747009 -0.20632811799859485
-0.5871765397485256 -0.19072399955837094
-0.6015658564486966 -0.17480565241251622
-0.6158283589386279 -0.15858517701177577
-0.6299644526437447 -0.14207450971081625
-0.6439745406231705 -0.12528542615622906
-0.6578590268209069 -0.10822953878672836
-0.6716183134242704 -0.09091830124266043
-0.6852528033809595 -0.0733630065225167
-0.6987628974046782 -0.055574792027033415
-0.7121489953010773 -0.03756463924316811
-0.725411497338823 -0.019343373126253116
-0.7385508024504758 -0.0009216657333410705
-0.7515673090057828 0.017689963559706312
-0.764461414242675 0.03648114600313468
-0.7772335150294681 0.05544166332611988
-0.7898840074192112 0.07456144587871139
-0.8024132862707667 0.0938305708117364
-0.814821746348187 0.11323926253609051
-0.827109781737067 0.1327778906629824
-0.8392777853756528 0.15243696804561813
-0.8513261491402258 0.17220714967310524
-0.8632552660002268 0.19207923505916846
-0.8750655251713728 0.2120441590330846
-0.8867573176847436 0.23209299981301545
-0.8983310329182356 0.2522169720745904
-0.9097870595772839 0.2724074274183974
-0.9211257856204299 0.2926558530883363
-0.9323475983234146 0.31295387093810945
-0.94345288392603 0.333293235644029
-0.9544420284732547 0.3536658351042792
-0.9653154175584877 0.374063688884954
-0.9760734344558216 0.3944789435622149
-0.9867164637690196 0.414903878476943
-0.9972448882075565 0.43533089855503126
-1.0076590898942162 0.45575253565823814
-1.0179594503621952 0.4761614474962239
-1.0281463500741088 0.4965504155821585
-1.0382201693437896 0.5169123459864471
-1.048181287626682 0.5372402668601035
-1.0580300834954375 0.5575273272986441
-1.0677669348862366 0.5777667967753524
-1.0773922190629235 0.5979520640141678
-1.0869063121306966 0.618076634907563
-1.0963095901548519 0.6381341338265978
-1.1056024284004156 0.6581183009980784
-1.1147852009907788 0.6780229907187738
-1.123858281811685 0.6978421722727055
-1.1328220437300123 0.7175699272223051
-1.141676858678988 0.7372004485561425
-1.150423098510891 0.7567280415716653
-1.1590611344604762 0.7761471217091493
-1.167591335600906 0.7954522100527419
-1.1760140723818877 0.8146379403156334
-1.1843297131952224 0.8336990501077592
-1.1925386260748272 0.8526303837899973
-1.200641178446145 0.8714268909404628
-1.2086377367647554 0.8900836245457759
-1.2165286665319435 0.9085957400566995
-1.224314334185005 0.9269584988852879
-1.2319951029923026 0.9451672577962702
-1.239571337666748 0.963217478831113
-1.247043401192857 0.981104720878865
-1.2544116556604377 0.9988246406913617
-1.261676463125142 1.0163729940272308
-1.268838184663869 1.0337456324665828
-1.2758971807508233 1.0509385033956282
-1.282853810906078 1.0679476482372516
-1.2897084342986518 1.084769203014544
-1.2964614089005044 1.1013993953772023
-1.3031130926960037 1.1178345466776318
-1.3096638426903584 1.1340710686467586
-1.316114014845352 1.1501054623368958
-1.3224639648409147 1.1659343191306752
-1.3287140473970653 1.1815543181837453
-1.3348646171692247 1.1969622277926972
-1.3409160274395526 1.2121549012594124
-1.3468686311149134 1.227129278526836
-1.352722779817237 1.2418823830392123
-1.3584788257006053 1.2564113254723899
-1.3641371195826277 1.2707132981874416
-1.3696980109872818 1.2847855744892827
-1.3751618499615457 1.2986255123911072
-1.3805289848696345 1.3122305482071925
-1.3857997639583934 1.3255981996933017
-1.3909745348854785 1.338726064036396
-1.3960536438783837 1.3516118149085194
-1.4010374376417087 1.364253206498704
-1.405926260900107 1.376648066478721
-1.4107204587665243 1.3887943012137667
-1.4154203754228378 1.4006898916231085
-1.4200263539745737 1.4123328920285685
-1.4245387372683058 1.4237214314420252
-1.428957867504016 1.43485371180501
-1.4332840856175122 1.4457280056649533
-1.4375177326320985 1.4563426588116801
-1.4416591487661465 1.466696087262961
-1.445708673231084 1.4767867760083044
-1.4496666445945259 1.4866132791713822
-1.4535334011325651 1.4961742201325214
-1.4573092800369385 1.5054682888193294
-1.460994618502458 1.5144942436498714
-1.464589752008286 1.5232509065814415
-1.4680950162799389 1.5317371671921984
-1.4715107461085564 1.539951979060246
-1.474837275662708 1.5478943598071742
-1.4780749381663443 1.5555633896202945
-1.4812240665150593 1.562958212013044
-1.4842849927440305 1.5700780318546732
-1.4872580485333713 1.576922115850579
-1.490143564642547 1.583489790528648
-1.4929418709791935 1.5897804417365107
-1.4956532975089987 1.5957935159909487
-1.4982781726742598 1.6015285162536692
-1.5008168251013991 1.6069850050408174
-1.5032695819875008 1.6121626002225566
-1.5056367704263944 1.6170609772252162
-1.5079187167715147 1.6216798669775923
-1.510115746559027 1.626019055118665
-1.5122281846803565 1.6300783817127455
-1.5142563554983077 1.6338577408150439
-1.516200582827215 1.6373570797563204
-1.5180611896412526 1.6405763979706802
-1.5198384982911544 1.6435157467774908
-1.5215328306325093 1.6461752289401668
-1.5231445076363745 1.6485549974145797

-1.5379497863179208 1.6489017708177607
-1.5382048377156892 1.646595896625604
-1.5383829052411244 1.6440210238245405
-1.5384842979778994 1.6411781528726954
-1.5385093243932784 1.638068322922742
-1.5384582923225352 1.6346926115843838
-1.5383315089791672 1.6310521342768438
-1.5381292809498974 1.6271480435986523
-1.5378519142161715 1.6229815291699938
-1.5374997141159328 1.6185538164325157
-1.5370729853637919 1.6138661665777265
-1.536572032087484 1.6089198763126036
-1.535997157765928 1.603716276655073
-1.5353486652977493 1.5982567331009374
-1.53462685688367 1.5925426441024366
-1.5338320341853426 1.5865754418947473
-1.5329644982531592 1.5803565913248407
-1.5320245494691442 1.5738875889727661
-1.531012487619841 1.5671699631997895
-1.529928611851411 1.5602052733409613
-1.5287732208443898 1.5529951103113269
-1.5275466124430401 1.5455410937737613
-1.5262490840624554 1.5378448742165167
-1.5248809324072408 1.52990813072753
-1.523442453553616 1.5217325710447378
-1.5219339431134387 1.5133199319951531
-1.5203556959522244 1.5046719774211588
-1.5187080064155132 1.4957904989917217
-1.5169911680309323 1.48667731413174
-1.5152054741505991 1.4773342689805626
-1.513351217108302 1.467763233458614
-1.5114286888185973 1.4579661039930194
-1.5094381805371142 1.4479448018069485
-1.507379982955757 1.4377012729619123
-1.5052543862238221 1.4272374880078527
-1.5030616797484686 1.4165554405628344
-1.500802152315259 1.405657147491235
-1.4984760922891458 1.394544649430241
-1.496083787505199 1.3832200098059584
-1.4936255248054997 1.3716853122320232
-1.4911015907568974 1.359942663492363
-1.4885122712545251 1.3479941912358209
-1.485857851610553 1.3358420439798824
-1.483138616581288 1.3234883908186674
-1.480354850297405 1.3109354206938502
-1.4775068359526844 1.2981853406056079
-1.4745948568018272 1.2852403796833123
-1.4716191950666484 1.2721027838717727
-1.4685801326989012 1.2587748189361436
-1.4654779504095299 1.2452587658062026
-1.4623129289864598 1.2315569259637087
-1.4590853486435016 1.217671618170327
-1.4557954882691602 1.2036051748809022
-1.4524436271483492 1.18935994925297
-1.4490300431802492 1.1749383071361352
-1.4455550140384525 1.160342631655701
-1.4420188169678525 1.1455753219501372
-1.4384217282390297 1.1306387905246433
-1.4347640237851012 1.1155354655531147
-1.431045978879764 1.100267789167913
-1.4272678682016124 1.0848382173703497
-1.4234299659160599 1.069249220006629
-1.4195325456170609 1.053503280171205
-1.4155758804871397 1.0376028944958717
-1.4115602424427487 1.0215505693761702
-1.4074859037914809 1.0053488272704647
-1.4033531352408588 0.9890001983997507
-1.3991622080207176 0.9725072288437304
-1.3949133919915184 0.9558724727045937
-1.3906069564585422 0.9390984950162427
-1.3862431704887583 0.9221878726351704
-1.3818223027300003 0.9051431931829814
-1.377344620704669 0.8879670520031224
-1.372810391852246 0.8706620558602449
-1.3682198824902252 0.8532308186367041
-1.3635733590723647 0.8356759658094715
-1.3588710867453007 0.818000128655537
-1.354113330674874 0.8002059489576876
-1.349300355480847 0.7822960765409457
-1.3444324243873078 0.7642731658261206
-1.3395098013554683 0.7461398834396524
-1.3345327486307732 0.7278988988230732
-1.3295015282173783 0.7095528894040148
-1.324416401838684 0.691104540126741
-1.319277630631383 0.6725565420305992
-1.314085474879568 0.6539115910086
-1.3088401946643644 0.6351723898603354
-1.3035420488870308 0.6163416445096934
-1.2981912964454105 0.5974220679270461
-1.2927881957992697 0.5784163782721463
-1.2873330041312137 0.5593272956759943
-1.281825979110609 0.540157548154556
-1.276267376505084 0.5209098629908699
-1.270657453025124 0.5015869763588499
-1.2649964636536237 0.48219162379271086
-1.2592846628589005 0.4627265441506039
-1.2535223057825038 0.4431944833625634
-1.2477096457659025 0.42359818574129493
-1.2418469358933124 0.40394039899629086
-1.2359344288749883 0.38422387356222387
-1.2299723767921364 0.3644513614849134
-1.2239610311724989 0.3446256164253163
-1.2179006431755446 0.32474939401611147
-1.211791463066209 0.3048254498865268
-1.205633740550447 0.28485654053451936
-1.1994277253301022 0.2648454248694947
-1.1931736659288106 0.24479486016877527
-1.186871811006328 0.22470760607546492
-1.180522407607511 0.20458641876707118
-1.174125703287525 0.18443405749711772
-1.1676819447579028 0.1642532800385268
-1.1611913778839882 0.14404684247480493
-1.154654248209964 0.12381750062168173
-1.1480708007777762 0.1035680092269744
-1.141441280126853 0.08330112174399273
-1.1347659300571376 0.06301958939033714
-1.1280449936336427 0.04272616096270876
-1.121278713962722 0.02242358496186969
-1.114467333734531 0.0021146079646316984
-1.1076110937671855 -0.018198029898341184
-1.1007102362536325 -0.03851158549795597
-1.0937650011443794 -0.05882332364003984
-1.0867756288307093 -0.0791305093369924
-1.0797423592006994 -0.09943041081930892
-1.0726654309604875 -0.11972030167873327
-1.0655450827780153 -0.13999745775827876
-1.0583815525702793 -0.16025915940544255
-1.0511750778615268 -0.18050269064273128
-1.0439258958381168 -0.2007253392209556
-1.0366342426255715 -0.2209243988240397
-1.029300353911316 -0.24109716749870658
-1.02192446558575 -0.26124094610506454
-1.0145068121477627 -0.2813530428803668
-1.0070476278855276 -0.30143077036974353
-0.9995471466199642 -0.32147144632059255
-0.9920056018649925 -0.3414723934434132
-0.9844232260805249 -0.361430941568898
-0.9768002511612555 -0.38134442649780764
-0.9691369093966292 -0.4012101876903573
-0.9614334316282114 -0.4210255732501196
-0.9536900487113783 -0.44078793628424806
-0.9459069899939514 -0.4604946389610042
-0.9380844860776276 -0.48014304566686006
-0.9302227655547928 -0.49973053144645385
-0.9223220570139009 -0.519254477077551
-0.9143825883867411 -0.5387122708758193
-0.9064045871895077 -0.5581013082548424
-0.8983882804973353 -0.5774189919533906
-0.8903338947033509 -0.5966627327703573
-0.8822416561302775 -0.6158299482574665
-0.8741117898128947 -0.6349180657617096
-0.8659445207742696 -0.6539245195370307
-0.8577400734682776 -0.6728467522231133
-0.8494986717048066 -0.6916822151547545
-0.8412205388869776 -0.7104283679566481
-0.8329058979738395 -0.7290826787791785
-0.8245549715645655 -0.7476426242590232
-0.816167981204193 -0.7661056911941613
-0.8077451479915462 -0.7844693753036739
-0.7992866936163942 -0.8027311791406604
-0.7907928375657696 -0.8208886182845037
-0.7822637998818379 -0.8389392154842629
-0.7736998002246043 -0.8568805028551268
-0.7651010571100947 -0.8747100235912382
-0.7564677888515292 -0.8924253301022326
-0.7478002129010908 -0.9100239854996821
-0.7390985475307443 -0.9275035603232631
-0.730363008486236 -0.9448616394180397
-0.7215938125355644 -0.9620958148991834
-0.7127911753240095 -0.9792036905813071
-0.703955312858251 -0.99618287919159
-0.6950864386104831 -1.0130310080488194
-0.6861847678310367 -1.029745710902875
-0.6772505139355012 -1.0463246349615676
-0.6682838906245622 -1.0627654369902322
-0.6592851099798851 -1.0790657869351028
-0.6502543846425546 -1.0952233640325821
-0.6411919269956405 -1.1112358584674766
-0.632097947154023 -1.1271009749883658
-0.622972656766105 -1.1428164263072131
-0.6138162658800036 -1.1583799387191729
-0.6046289843079355 -1.173789249805055
-0.5954110220068665 -1.1890421079328446
-0.5861625865013065 -1.2041362766035686
-0.5768838867937139 -1.2190695280776038
-0.5675751313744264 -1.2338396468267114
-0.5582365265998812 -1.2484444321421213
-0.5488682797336157 -1.2628816933862066
-0.5394705973791325 -1.2771492526026549
-0.5300436849133602 -1.2912449454256754
-0.520587748224483 -1.3051666185432023
-0.5111029920074333 -1.3189121323476163
-0.5015896202730419 -1.332479360217933
-0.4920478379893678 -1.3458661862954866
-0.4824778475945054 -1.3590705105033807
-0.4728798528148248 -1.3720902432536362
-0.463254055389312 -1.3849233100607161
-0.4536006580737843 -1.3975676475431817
-0.44391986200289874 -1.4100212070374016
-0.4342118681105611 -1.4222819527612875
-0.42447687712990384 -1.4343478619202115
-0.41471508900957227 -1.4462169255145527
-0.4049267037463726 -1.4578871473913595
-0.39511191979501925 -1.4693565462154343
-0.38527093653749994 -1.4806231526133833
-0.3754039515302658 -1.4916850124604817
-0.3655111627865826 -1.5025401843084762
-0.35559276732460254 -1.5131867411020468
-0.3456489626188475 -1.5236227686736892
-0.3356799431805961 -1.5338463693828799
-0.32568590653479723 -1.5438556559634944
-0.31566704739559176 -1.5536487576251679
-0.3056235603917094 -1.5632238172646
-0.2955556400988465 -1.5725789915390869
-0.28546348034000396 -1.5817124515973897
-0.27534727479488635 -1.5906223825706525
-0.2652072161713459 -1.5993069843648453
-0.25504349658878306 -1.6077644713373278
-0.24485630869010086 -1.6159930714483732
-0.23464584345869105 -1.6239910281152143
-0.22441229320729525 -1.6317565978834012
-0.21415584655450903 -1.639288054321527
-0.20387669537516695 -1.6465836828235993

0.3798252114564423 -1.6487863610240696
0.3910737025816206 -1.6409148157638376
0.4023349758378014 -1.632735766270513
0.41360886561821575 -1.6242483758252666
0.42489520930231395 -1.6154518213874218
0.4361938413599953 -1.6063452980767172
0.4475045993487973 -1.5969280145352736
0.4588273208388964 -1.5871991952470965
0.4701618424954135 -1.5771580814079995
0.4815080031207283 -1.5668039282752293
0.4928656402607009 -1.556136008160321
0.5042345926341896 -1.5451536082618973
0.515614700089555 -1.533856030596344
0.5270058024356835 -1.5222425930969803
0.5384077394487956 -1.5103126296542368
0.5498203509050059 -1.4980654901261545
0.5612434787522491 -1.485500537961108
0.5726769645546697 -1.472617152860364
0.5841206490910371 -1.459414731337591
0.5955743746653923 -1.4458926841042135
0.6070379842223133 -1.432050436982546
0.6185113207695785 -1.4178874315773013
0.629994227766723 -1.4034031248083447
0.6414865491340057 -1.3885969888740977
0.6529881290648369 -1.3734685114739493
0.6644988122032758 -1.358017195565376
0.6760184438660799 -1.3422425590300093
0.6875468689480317 -1.3261441361594608
0.6990839339683652 -1.3097214748044044
0.7106294855001013 -1.292974138486382
0.7221833693695245 -1.2759017076155983
0.7337454336904374 -1.258503775016032
0.7453155258322353 -1.2407799503310897
0.7568934932762887 -1.2227298588073376
0.7684791853206556 -1.2043531385811765
0.7800724495942246 -1.185649446131583
0.7916731370175301 -1.1666184483289261
0.8032810953922439 -1.147259832792538
0.8148961761619278 -1.1275732967905312
0.8265182293276404 -1.1075585555953473
0.8381471053717664 -1.0872153393136794
0.8497826559859053 -1.066543391542562
0.8614247333440628 -1.0455424705496834
0.8730731881104707 -1.0242123529062552
0.8847278746219519 -1.00255282401413
0.8963886440092125 -0.9805636906923507
0.9080553508922533 -0.9582447687365881
0.9197278485138354 -0.9355958919732316
0.9314059905926257 -0.9126169087964556
0.943089632045131 -0.8893076806732187
0.9547786278433839 -0.8656680843249039
0.9664728332411447 -0.8416980112720045
0.9781721035577322 -0.8173973682660545
0.9898762952436843 -0.7927660750413938
1.0015852654252926 -0.7678040651549677
1.0132988704641936 -0.7425112890406105
1.025016966905322 -0.7168877120443334
1.0367394132431655 -0.6909333104802874
1.04846606837381 -0.6646480748698476
1.0601967892854673 -0.6380320151730039
1.0719314356142338 -0.611085150540252
1.0836698665656206 -0.5838075161591703
1.0954119420718853 -0.5561991605897633
1.1071575224649877 -0.5282601464599667
1.1189064677988547 -0.4999905520631347
1.130658638124924 -0.47139047073371154
1.1424138956823504 -0.44246000543863917
1.1541721023143081 -0.41319927495288666
1.1659331198225442 -0.38360841302728077
1.1776968096978488 -0.35368756909337984
1.1894630361789786 -0.323436900409228
1.2012316618844863 -0.29285658310126106
1.2130025501483566 -0.2619468062301311
1.2247755656172066 -0.2307077701076069
1.2365505720244323 -0.199139692121715
1.2483274344731887 -0.16724280065476071
1.2601060185830493 -0.1350173372481389
1.2718861885424602 -0.10246356194629458
1.2836678116548894 -0.06958174074881152
1.2954507533272364 -0.03637215938125726
1.3072348811389782 -0.002835111924417988
1.3190200616156376 0.03102909016427402
1.3308061615189197 0.0652201216620607
1.3425930503462689 0.09973765096388898
1.3543805951294097 0.1345813250084753
1.3661686647277493 0.16975078180465308
1.3779571278801614 0.20524564478744045
1.3897458542166612 0.24106552588729602
1.4015347136277694 0.27721002370882286
1.413323576246901 0.3136787235106273
1.425112312421381 0.35047119714701447
1.4369007932089426 0.3875870046669898
1.4486888897653076 0.42502569245841304
1.4604764737547669 0.4627867945827142
1.4722634163834214 0.5008698297086727
1.4840495917911722 0.5392743121497354
1.495834871254794 0.5779997331407476
1.507619128613528 0.6170455784980691
1.5194022366847653 0.6564113169498527
1.531184070440507 0.6960964107412682
1.5429645031925432 0.736100302926588
1.5547434103897733 0.7764224301958398
1.5665206662493492 0.8170622115006803
1.5782961465302123 0.8580190575741709
1.5900697270490476 0.8992923659239029
1.6018412838533314 0.9408815214583572
1.6136106935219594 0.9827858975981054
1.6253778323373402 1.0250048533722946
1.6371425780324866 1.067537739723917
1.6489048078474808 1.1103838926083585

1.6427780994992358 0.8462164589319676
1.6315832526024858 0.804895905292228
1.6203813362830042 0.7638396881626737
1.6091723978179284 0.7230485301381377
1.597956485064692 0.6825231513546419
1.5867336446949865 0.6422642630941351
1.5755039249266 0.6022725776241471
1.5642673723781209 0.5625487969108134
1.5530240356697642 0.5230936254085501
1.5417739611758512 0.48390775505253925
1.5305171967317193 0.44499187831068965
1.5192537897397895 0.40634668151248476
1.5079837881261031 0.36797284814257236
1.4967072391022538 0.3298710545980763
1.4854241895703428 0.2920419716270568
1.4741346879908543 0.25448627055111106
1.462838781761892 0.21720461443912287
1.4515365177169448 0.18019765986238245
1.44022794376487 0.1434660622669075
1.4289131077464323 0.10701047215656101
1.4175920569009848 0.0708315333976528
1.4062648388477565 0.03492988638824479
1.3949315006221046 -0.000693835015127986
1.383592090997805 -0.03603899621942874
1.37224665672732 -0.07110497370112157
1.3608952451221321 -0.10589114687387524
1.3495379040112674 -0.1403968982940278
1.338174681388824 -0.1746216147921409
1.3268056245734055 -0.20856468999976796
1.3154307811102894 -0.24222552160914046
1.304050198539196 -0.2756035120874436
1.2926639245219982 -0.3086980683129006
1.2812720070097314 -0.34150860111836123
1.269874493262663 -0.3740345281192645
1.25847143109717 -0.40627527011974474
1.247062867771794 -0.4382302542975811
1.2356488515839363 -0.4698989097275872
1.2242294289297861 -0.501280675565702
1.2128046490325788 -0.532374987997422
1.2013745582083057 -0.5631812959968325
1.1899392055582978 -0.5936990458312237
1.1784986372888215 -0.6239276963694056
1.1670529016888929 -0.6538667057493253
1.1556020462242882 -0.6835155391454746
1.1441461186109885 -0.7128736659287591
1.1326851667085056 -0.7419405599744202
1.1212192386618178 -0.7707156993323383
1.1097483807949875 -0.7991985714727894
1.0982726415106057 -0.8273886635228531
1.0867920693557103 -0.8552854672219092
1.0753067106943446 -0.8828884845089278
1.0638166136396063 -0.9101972179443707
1.052321826300647 -0.9372111750444982
1.0408223960028482 -0.9639298700876111
1.0293183704402324 -0.9903528213832802
1.0178097972871023 -1.01647955220301
1.0062967242069685 -1.0423095907627395
0.9947791989636098 -1.067842469981667
0.9832572692290897 -1.0930777279184831
0.9717309835301599 -1.1180149057291024
0.9602003879284101 -1.142653554835162
0.9486655309564385 -1.1669932262497487
0.9371264611995282 -1.1910334759181067
0.9255832249864001 -1.2147738694478847
0.9140358705556961 -1.2382139734102244
0.9024844461586964 -1.2613533593748714
0.8909289988126042 -1.2841916063637635
0.879369576392528 -1.3067282966397546
0.8678062261607197 -1.328963018634219
0.8562389966588551 -1.3508953633067748
0.8446679352244006 -1.37252492893032
0.833093089965915 -1.3938513173209826
0.8215145078919155 -1.4148741373179412
0.8099322368892089 -1.43559300112768
0.7983463255949645 -1.4560075246695598
0.7867568206321648 -1.4761173324404624
0.7751637698762948 -1.4959220517117262
0.7635672216783045 -1.5154213139973407
0.7519672227961964 -1.5346147585163445
0.7403638214227071 -1.5535020270950772
0.7287570657272902 -1.57208276667822
0.7171470028028508 -1.5903566309730786
0.7055336806134409 -1.608323277321478
0.6939171467536694 -1.6259823686897559
0.6822974492206146 -1.6433335724803653

-0.592658995448927 -1.6468045734920251
-0.6043364952379471 -1.6294230307429691
-0.6160118975017789 -1.6117284622211834
-0.6276851557768364 -1.59372110598884
-0.6393562228360516 -1.5754012062935288
-0.6510250526135705 -1.5567690105699565
-0.6626915979728081 -1.537824772934906
-0.6743558116581649 -1.5185687527456482
-0.6860176472595699 -1.4990012129820878
-0.697677058002489 -1.4791224222092327
-0.709333997198367 -1.4589326538376586
-0.7209884180328001 -1.4384321864847394
-0.7326402728955639 -1.4176213051946411
-0.7442895168491248 -1.39650029520757
-0.7559361018297502 -1.3750694523447873
-0.7675799815733816 -1.353329074164403
-0.7792211098685258 -1.3312794630482583
-0.7908594388340459 -1.3089209295237385
-0.80249492306399 -1.2862537843556536
-0.8141275154221791 -1.2632783465720112
-0.8257571688850285 -1.239994939980091
-0.8373838373347486 -1.2164038915279747
-0.8490074741312655 -1.1925055341346371
-0.8606280327829501 -1.1683002053510099
-0.8722454666591503 -1.1437882479471184
-0.8838597287560931 -1.1189700104308975
-0.8954707730702172 -1.0938458441049423
-0.9070785534769754 -1.0684161053997454
-0.9186830230543105 -1.042681157395983
-0.9302841344301516 -1.0166413691436924
-0.9418818425646214 -0.9902971093619997
-0.9534761003650812 -0.9636487562591649
-0.9650668611139095 -0.9366966921270858
-0.9766540788557528 -0.9094413023710373
-0.9882377070294498 -0.8818829786766051
-0.9998176994135033 -0.8540221167998499
-1.011394009640164 -0.8258591177065002
-1.022966591604548 -0.7973943865759172
-1.0345353979583214 -0.7686283365275735
-1.0461003835197902 -0.7395613801673866
-1.0576615014963957 -0.7101939389392229
-1.0692187048778965 -0.6805264397419143
-1.0807719490567922 -0.6505593081222055
-1.0923211861151276 -0.6202929829972792
-1.1038663714132178 -0.5897278995626911
-1.1154074571608386 -0.5588645061270601
-1.126944398021371 -0.5277032493178517
-1.1384771477511633 -0.49624458296051466
-1.150005660551212 -0.46448896445415844
-1.161529889133639 -0.43243686011113824
-1.1730497885516689 -0.4000887345457578
-1.1845653123569178 -0.36744506130122634
-1.1960764144587752 -0.33450631770034744
-1.2075830481977383 -0.30127298748181
-1.2190851681786086 -0.26774555550338675
-1.2305827281718116 -0.2339245137698629
-1.2420756822127008 -0.19981035826191074
-1.2535639848496083 -0.1654035881496949
-1.2650475887114565 -0.13070471310174403
-1.2765264486808623 -0.09571424075951684
-1.2880005188829666 -0.06043268573125715
-1.2994697541844573 -0.02486056501868017
-1.3109341065898592 0.011001590765895353
-1.322393531840019 0.04715325792823899
-1.333847983339626 0.08359390079495999
-1.3452974159759354 0.12032298370904537
-1.3567417835001683 0.15733996272747097
-1.3681810397554222 0.1946442894961904
-1.3796151392941773 0.23223541330606956
-1.3910440368182269 0.27011277932884536
-1.402467685349375 0.30827582250691976
-1.4138860399204511 0.34672397981349423
-1.425299055280147 0.3854566827051462
-1.436706685264959 0.4244733549332764
-1.4481088837630334 0.4637734157637774
-1.4595056057076088 0.5033562834531533
-1.4708968052513414 0.5432213689791716
-1.482282436851626 0.5833680797846517
-1.4936624550024025 0.6237958188672641
-1.5050368136477421 0.6645039826837216
-1.516405467625329 0.7054919663063979
-1.5277683714805124 0.7467591592245417
-1.539125479936326 0.7883049470372487
-1.5504767468739815 0.8301287077131132
-1.5618221267680836 0.8722298168301501
-1.5731615749126435 0.9146076485077872
-1.5844950455743376 0.9572615685463206
-1.5958224928968072 1.0001909377369351
-1.6071438718604303 1.0433951155270975
-1.6184591371056853 1.0868734556002586
-1.6297682432793852 1.1306253071815453
-1.6410711452217162 1.1746500157759545

-1.1254078232066833 1.6455515415733997
-1.1079272861262077 1.6025366653152435
-1.090413806552895 1.5601442090295485
-1.0728673873535863 1.518378173848261
-1.0552880323898237 1.4772425702644845
-1.0376757443048654 1.436741412884912
-1.0200305259942386 1.3968787239659952
-1.0023523797858767 1.3576585315584087
-0.9846413120142324 1.3190848794893588
-0.9668973234302854 1.281161806243868
-0.9491204180165033 1.2438933643997316
-0.9313105999939175 1.2072836138750906
-0.9134678712876521 1.1713366168223112
-0.8955922376779684 1.1360564501097024
-0.8776836998166012 1.1014471873505607
-0.8597422634393722 1.0675129190609414
-0.8417679314606856 1.034257737146583
-0.823760708050189 1.0016857427716088
-0.8057205957839272 0.9698010411200988
-0.7876475989054695 0.9386077472845271
-0.769541722666944 0.9081099848207677
-0.7514029682202916 0.8783118772485661
-0.7332313419823518 0.8492175637020623
-0.7150268453934457 0.8208311820727134
-0.6967894849181604 0.7931568850129946
-0.678519263139512 0.766198825927098
-0.6602161842593354 0.7399611675512303
-0.641880252410546 0.7144480792978629
-0.6235114706648348 0.6896637359490931
-0.6051098455906775 0.6656123237388849
-0.5866753791535103 0.6422980295377931
-0.5682080763551186 0.619725051000162
-0.5497079414627559 0.5978975915483515
-0.5311749800535037 0.5768198628068357
-0.5126091939422436 0.5564960788754354
-0.4940105898286973 0.5369304660407932
-0.47537916998857677 0.5181272525339229
-0.45671494126090806 0.5000906779661247
-0.43801790682227304 0.48282498492760983
-0.41928807147374236 0.4663344243115002
-0.40052543812771535 0.4506232520951188
-0.3817300151291122 0.4356957354006543
-0.3629018042444606 0.4215561425575278
-0.34404081146538446 0.40820875193291606
-0.3251470403621348 0.3956578467422176
-0.30622049639882726 0.3839077181562647
-0.28726118495484976 0.37296266378685483
-0.26826911033259293 0.36282698719316886
-0.24924427697829396 0.353504998684639
-0.2301866908700882 0.3450010158751389
-0.21109635637938404 0.33731936214942015
-0.1919732793855696 0.33046436805973567
-0.1728174642715626 0.3244403701118328
-0.1536289152189722 0.3192517114121509
-0.13440763971537262 0.3149027424250126
-0.1151536408677593 0.3113978190086999
-0.09586692459396733 0.3087413042119458
-0.07654749591338791 0.3069375673834409
-0.05719536048432006 0.3059909844081756
-0.03781052489213529 0.3059059375560931
-0.01839299192193685 0.3066868155664828
0.001057231181464206 0.30833801360673974
0.0205401394663296 0.3108639332981553
0.040055726731536755 0.3142689825272844
0.0596039886737354 0.31855757592257183
0.07918491942990435 0.3237341342849658
0.0987985123192292 0.32980308447925033
0.11844476235530088 0.3367688601923433
0.13812366390164366 0.34463590132127186
0.15783521115520766 0.3534086540482013
0.17757939858766097 0.3630915710247753
0.19735621987102547 0.37368911083003753
0.21716566799852233 0.38520573785711654
0.23700774006465125 0.39764592525953124
0.2568824284547796 0.4110141497556439
0.27678972584981754 0.4253148942582998
0.2967296282695712 0.4405526503322712
0.316702128925046 0.4567319138342041
0.33670722120262564 0.4738571868867232
0.3567448994536419 0.49193297864415064
0.3768151574037315 0.5109638039652198
0.3969179891428606 0.5309541842715262
0.4170533887789422 0.5519086472586425
0.43722134807494983 0.5738317242724862
0.4574218628075781 0.5967279571150459
0.4776549258493601 0.6206018906483699
0.4979205293382242 0.6454580748260952
0.5182186698391619 0.6713010712087488
0.5385493389746321 0.6981354414069527
0.5589125291868762 0.7259657539316018
0.5793082358483681 0.7547965874126135
0.599736451786832 0.7846325231566855
0.6201971695340721 0.8154781479881037
0.6406903827694718 0.8473380564517423
0.6612160854701843 0.8802168496970357
0.6817742704089946 0.9141191330309333
0.7023649306976025 0.9490495182827239
0.7229880596930268 0.9850126237135428
0.7436436495622719 1.0220130714642401
0.7643316944782279 1.0600554932200539
0.7850521878900126 1.0991445254682572
0.8058051205561001 1.1392848054697189
0.826590488540205 1.1804809866494996
0.8474082817397951 1.2227377163003967
0.8682584951896466 1.2660596578583032
0.8891411211482685 1.3104514751161136
0.9100561515933414 1.355917837036789
0.9310035798082421 1.402463421243373
0.9519833997568447 1.4500929128936502
0.9729956012374046 1.4988109934864267
0.9940401795414289 1.5486223629443323
1.0151171266649137 1.5995317194966443

0.9983097569474235 1.6377556497150425
0.9765395938619952 1.586188068639069
0.9547967432944001 1.5357743344838806
0.9330812177019825 1.486510362577067
0.9113930286022958 1.438392068857186
0.8897321874541805 1.3914153720048312
0.8680987064860113 1.345576195198876
0.8464925961397778 1.300870460707376
0.8249138683990775 1.2572940969769664
0.8033625343106943 1.2148430334365958
0.7818386053943005 1.17351320340918
0.7603420936665269 1.1333005440460067
0.7388730091817524 1.0942009917932798
0.7174313647504516 1.056210491127593
0.6960171709320062 1.0193249853815924
0.674630439403748 0.9835404228604521
0.6532711810028051 0.9488527534418014
0.6319394073110848 0.9152579312466635
0.6106351302028331 0.882751913784467
0.5893583605508298 0.8513306600098245
0.5681091094554303 0.8209901322998296
0.5468873880622346 0.7917262961584104
0.5256932077764439 0.7635351204922465
0.5045265797617275 0.7364125769246843
0.4833875150697812 0.7103546400183149
0.46227602537514495 0.6853572881615078
0.44119212218886117 0.6614165025505039
0.4201358161296572 0.6385282664619174
0.3991071183596362 0.616688566932343
0.37810603998122233 0.5958933940512317
0.3571325927581456 0.5761387416441053
0.33618678655128836 0.5574206048905965
0.31526863311349684 0.5397349839070791
0.2943781441532926 0.5230778818007604
0.2735153301696158 0.5074453038426845
0.252680202336791 0.4928332590420028
0.23187277135553316 0.47923775926773704
0.21109304849505092 0.4666548199752958
0.1903410456075035 0.4550804600852876
0.16961677289029384 0.4445107007638076
0.14892024038793678 0.43494156648276006
0.12825146082697952 0.4263690861711247
0.10761044428050519 0.4187892907518016
0.08699720257682768 0.412198215084268
0.06641174577891373 0.40659189667986406
0.04585408340489557 0.40196637637272525
0.025324229349538523 0.39831769921335836
0.004822192920389176 0.3956419124838628
-0.015652014876004205 0.3939350671634785
-0.03609838320296044 0.39319321751102954
-0.05651690117085847 0.393412421104288
-0.07690755798157738 0.3945887388462457
-0.09727034146684115 0.39671823480646573
-0.11760524356247601 0.39979697686436366
-0.13791225212024177 0.4038210358620329
-0.15819135466333217 0.4087864856637533
-0.17844254305416252 0.4146894045566225
-0.19866580529940503 0.42152587330720936
-0.21886113029771392 0.42929197620700776
-0.23902850787921834 0.43798380130507253
-0.25916792812025785 0.4475974402880105
-0.27927937822793236 0.4581289868399998
-0.2993628501420768 0.46957454049429437
-0.3194183305403235 0.48193020134518405
-0.33944581087879566 0.495192075720968
-0.35944527975291835 0.509356271705891
-0.37941672651895963 0.5244189013030596
-0.3993601398643147 0.5403760794396262
-0.41927550989364776 0.5572239256330669
-0.43916282535474493 0.5749585617854047
-0.4590220770767325 0.5935761151814503
-0.4788532537915188 0.6130727147674939
-0.4986563443352421 0.6334444929943617
-0.5184313386581926 0.6546875869563062
-0.5381782263571815 0.6767981369746789
-0.5578969978144251 0.6997722878770163
-0.5775876400670987 0.7236061840885686
-0.5972501451232611 0.7482959795122768
-0.6168845016116054 0.7738378276085305
-0.6364906989910087 0.8002278863993437
-0.6560687258677941 0.82746231628399
-0.6756185740524131 0.855537285771073
-0.6951402306941528 0.884448960380182
-0.7146336881203534 0.9141935168362616
-0.7340989332202738 0.944767127324952
-0.7535359569329122 0.9761659738208806
-0.772944749701335 1.0083862413524427
-0.7923252996454 1.0414241147415164
-0.8116775980107398 1.075275787745495
-0.8310016323569388 1.1099374513898481
-0.8502973937804525 1.145405306592798
-0.8695648727175536 1.1816755569632886
-0.8888040581418581 1.2187444070968478
-0.9080149391061129 1.2566080653315863
-0.9271975062740816 1.2952627468935507
-0.9463517490571705 1.3347046682994481
-0.9654776577968324 1.3749300517253547
-0.9845752218055348 1.4159351209685394
-1.003644430436903 1.4577161035963622
-1.022685274799234 1.5002692348292177
-1.0416977435607588 1.5435907482813125
-1.0606818270106604 1.5876768849533405
-1.0796375153813886 1.6325238895874001

-1.6449992635306363 0.9832720999702553
-1.626728748791746 0.9122942140780117
-1.608428574920573 0.8419767896744921
-1.5900987521027121 0.7723236227387131
-1.5717392861493282 0.703338497267217
-1.5533501856992975 0.6350252128010034
-1.5349314589033167 0.567387571712046
-1.5164831144908035 0.5004293831512765
-1.4980051598401642 0.43415445603904557
-1.479497603057649 0.36856660667148056
-1.4609604515232042 0.3036696534994918
-1.4423937147104275 0.23946742697001677
-1.423797400715055 0.1759637572899253
-1.405171517067879 0.11316247744034436
-1.3865160713316587 0.05106742526719299
-1.3678310721298326 -0.0103175531735622
-1.3491165290734453 -0.07098860408636343
-1.3303724477906531 -0.13094188194668543
-1.3115988389525095 -0.19017352036075819
-1.2927957089743134 -0.24867966189830537
-1.2739630667166477 -0.30645643675926904
-1.2551009211122222 -0.36349997043766913
-1.2362092798626976 -0.4198063875989946
-1.217288150814989 -0.47537180780480903
-1.1983375428304899 -0.5301923430544617
-1.179357463875038 -0.5842641034129155
-1.1603479229226037 -0.6375831915218875
-1.1413089272504922 -0.6901457102353115
-1.1222404862748168 -0.741947751915768
-1.1031426078148954 -0.7929854088130766
-1.084015300410978 -0.8432547666769041
-1.0648585713087864 -0.8927519100848671
-1.0456724315646926 -0.941472909310064
-1.0264568877093994 -0.9894138417869189
-1.0072119476827017 -1.0365707766998506
-0.9879376215672069 -1.082939773553522
-0.9686339159421328 -1.128516895862073
-0.9493008411776279 -1.1732981936389202
-0.9299384054022353 -1.2172797178189032
-0.9105466166317733 -1.2604575150694841
-0.8911254827008164 -1.3028276279188344
-0.8716750127863989 -1.3443860914991599
-0.8521952166542612 -1.38512893541436
-0.8326861003342261 -1.4250521926313984
-0.8131476743029875 -1.4641518824515627
-0.7935799465974122 -1.5024240248357534
-0.7739829265765124 -1.5398646327558705
-0.75435662210863 -1.5764697176830005
-0.7347010408900394 -1.612235286885094
-0.7150161933066783 -1.6471573383814109

0.8004262555713042 -1.6426567958783527
0.8222518905392207 -1.60376565492678
0.8441061029438639 -1.563719248798072
0.8659888861548908 -1.5225132664881547
0.8879002272403296 -1.4801434050244358
0.9098401182296738 -1.4366053484329622
0.931808550080726 -1.3918947789181526
0.9538055113174515 -1.3460073800169592
0.9758309931766584 -1.2989388260953227
0.9978849848638232 -1.2506847921648856
1.0199674783300536 -1.201240943589752
1.042078462888297 -1.1506029478588429
1.0642179288491265 -1.0987664666610186
1.0863858653641598 -1.0457271608514407
1.1085822635758502 -0.9914806829767526
1.130807114408851 -0.9360226823384141
1.1530604054156128 -0.8793488131692853
1.1753421283566987 -0.8214547156175813
1.1976522742148554 -0.7623360280097404
1.2199908323541224 -0.7019883893502019
1.2423577916270439 -0.6404074366690582
1.2647531433979728 -0.5775887966028759
1.28717687743429 -0.513528096595153
1.3096289836407071 -0.4482209602270346
1.3321094514952003 -0.38166300887299176
1.3546182725803657 -0.3138498541263126
1.3771554350495827 -0.24477711436193172
1.3997209300276023 -0.1744403955192264
1.422314746967263 -0.10283530517027484
1.4449368763214574 -0.02995744428536251
1.4675873077753252 0.044197587188194776
1.4902660303280202 0.11963419039257617
1.5129730365895808 0.19635678200371176
1.535708312847508 0.2743697608272009
1.558471851048712 0.3536775481893264
1.5812636398770878 0.43428455762904394
1.604083671740831 0.5161952192963908
1.6269319332739673 0.5994139460825749
1.6498084160164888 0.6839451718342868

1.6337901026311683 1.63429470257607
1.6238960850933557 1.60033741158479
1.6140794076273195 1.5668951454659994
1.604340144909581 1.5339629234868792
1.5946783697615916 1.501535793461127
1.585094155841084 1.469608841045566
1.575587576089729 1.4381771846540246
1.566158705492363 1.4072359846983846
1.5568076171545986 1.3767804307423375
1.5475343845761917 1.346805749185854
1.5383390816583362 1.317307203372478
1.5292217820597598 1.2882800916310817
1.5201825597915284 1.2597197493104266
1.511221488376373 1.231621546244079
1.5023386416479638 1.2039808894197717
1.4935340929309682 1.176793220553526
1.4848079168347095 1.1500540217584332
1.4761601872363128 1.1237588094180735
1.467590977296871 1.0979031344555317
1.45910036124899 1.0724825878818747
1.450688413260736 1.0474927974438573
1.442355207014289 1.0229294265290885
1.4341008164747602 0.9987881765963851
1.4259253155849616 0.9750647863958006
1.4178287782644494 0.9517550321034118
1.409811279050534 0.928854729282738
1.4018728914305127 0.9063597282432356
1.3940136892419723 0.8842659182149517
1.3862337474623598 0.862569229637655
1.378533139031438 0.8412656254143613
1.3709119391837588 0.8203511131154746
1.3633702211567338 0.7998217332247748
1.3559080594912636 0.7796735683720892
1.3485255285514328 0.759902739377998
1.3412227022429006 0.7405054046652784
1.3339996548063393 0.7214777625274014
1.3268564604854336 0.7028160503652328
1.3197931934931573 0.6845165447369657
1.3128099282224412 0.6665755620378153
1.305906738973716 0.6489894579270303
1.2990836997738924 0.6317546270203769
1.2923408853309093 0.6148675054378443
1.2856783698757528 0.5983245680057836
1.279096227628247 0.5821223295880151
1.2725945332268052 0.5662573462695035
1.2661733607250367 0.5507262130340471
1.2598327849872648 0.5355255672962678
1.2535728798835897 0.5206520846848117
1.247393720455025 0.506102484362694
1.2412953809438765 0.49187352446705157
1.2352779358476111 0.4779620047591995
1.2293414598665273 0.4643647666178201
1.22348602723079 0.4510786916374254
1.2177117128094455 0.43810070429957415
1.2120185908133871 0.4254277691713022
1.206406736494643 0.4130568948441422
1.2008762238363069 0.40098512894496463
1.1954271277392385 0.3892095631161716
1.1900595227736515 0.3777273304000879
1.184773483903525 0.3665356069421166
1.1795690856213046 0.3556316102854433
1.1744464024480572 0.34501260059607874
1.169405509505872 0.3346758819691402
1.1644464813786337 0.324618800205869
1.159569392999654 0.31483874478644003
1.154774318893325 0.30533314747801943
1.1500613341218435 0.29609948436848255
1.1454305133006464 0.28713527405245887
1.1408819317229761 0.27843807996385594
1.136415663635763 0.2700055072037011
1.1320317846024763 0.2618352071850907
1.1277303690341687 0.25392487310587564
1.1235114920374834 0.24627224356450084
1.1193752287742917 0.23887510147992153
1.1153216539599962 0.2317312733505581
1.111350842703268 0.2248386309040813
1.1074628699968552 0.21819509032694495
1.103657810872855 0.21179861268401257
1.0999357403736574 0.20564720401095138
1.09629673360377 0.19973891554186918
1.0927408658987767 0.1940718441127307
1.089268211919625 0.18864413087000775
1.0858788470707412 0.1834539636719812
1.0825728465020716 0.178499575637872
1.079350285431929 0.1737792458031373
1.0762112388389609 0.16929129881992555
1.0731557820949797 0.16503410601854696
1.070183990495212 0.16100608485528434
1.0672959392192136 0.157205699023232
1.0644917035177834 0.1536314588586536
1.0617713586774473 0.15028192143288077
1.0591349800338639 0.14715569070971113
1.0565826430166578 0.14425141773351546
1.0541144228641401 0.14156780045208306
1.0517303948757504 0.13910358417130753
1.049430634600693 0.13685756187105302
1.047215217374442 0.13482857387210356
1.045084218714966 0.13301550837774911
1.0430377139682645 0.13141730130084062
1.0410757784777314 0.1300329365930133
1.0391984880223897 0.12886144666153299
1.0374059179493471 0.12790191190987632
1.03569814379704 0.12715346133085248
1.0340752411181375 0.12661527252381521
1.0325372854666282 0.12628657184241332
1.0310843524959545 0.1261666345552368
1.0297165177397347 0.12625478496513676
1.0284338567832085 0.12655039661163014
1.0272364453732385 0.12705289234461636
1.0261243591209421 0.12776174454497013
1.025097673735586 0.12867647520740255
1.024156464827891 0.12979665625022618
1.023300808245824 0.13112190928974665
1.022530779637813 0.1326519063167464
1.021846454822378 0.1343863693229208
1.0212479095651839 0.13632507080359324
1.0207352196119945 0.13846783400641516
1.020308460849435 0.14081453239254982
1.0199677090702641 0.14336509076731496
1.0197130401494046 0.14611948461515079
1.0195445299595929 0.14907774071329505
1.019462254403194 0.15223993680905057
1.0194662893831583 0.15560620284242055
1.0195567108334944 0.15917671938339506
1.0197335947212647 0.16295171977374023
1.0199970169950223 0.1669314881971644
1.020347053659069 0.17111636170751687
1.0207837807209663 0.1755067292302075
1.0213072742193607 0.18010303217063073
1.021917610192192 0.18490576426485927
1.0226148647225575 0.18991547212555715
1.0233991138894436 0.19513275499745775
1.0242704338086117 0.20055826521751285
1.0252289005350654 0.20619270777321197
1.0262745903446655 0.21203684210486018
1.0274075793007824 0.2180914797330744
1.0286279436309087 0.22435748658271804
1.0299357595776026 0.23083578225760504
1.031331103226533 0.23752733939608062
1.0328140509051695 0.24443318577797535
1.0343846788770716 0.2515544029597867
1.036043063498354 0.25889212716942
1.0377892809273874 0.26644754818423544
1.0396234074867354 0.27422191110300953
1.0415455196351342 0.2822165163185477
1.0435556936816912 0.2904327184753197
1.0456540059981327 0.29887192753281555
1.0478405328203182 0.30753560812488856
1.0501153508644594 0.3164252821481708
1.0524785363635274 0.3255425251061328
1.054930165789468 0.3348889691257413
1.0574703155729193 0.3444663020107883
1.0600990622686157 0.35427626802483214
1.0628164823899153 0.3643206674202242
1.0656226526735568 0.37460135757247826
1.068517649276448 0.38512025020104956
1.0715015489475437 0.3958793158214735
1.0745744282733525 0.40688058113204817
1.077736363900673 0.41812612998575305
1.0809874322620854 0.429618102576506
1.0843277101727848 0.44135869771262315
1.08775727429335 0.4533501710664789
1.0912762012584554 0.46559483579667327
1.0948845678210883 0.4780950632087002
1.098582450672001 0.49085328228496006
1.1023699264223523 0.503871979790065
1.1062470721144968 0.5171537021823909
1.1102139642080942 0.5307010522941171
1.1142706798237998 0.5445166937511388
1.1184172953272735 0.5586033462994275
1.1226538880038122 0.5729637916662853
1.1269805345038624 0.5876008684347038
1.131397311584946 0.6025174747290833
1.1359042964863773 0.6177165696351865
1.1405015657091178 0.6332011692440818
1.145189196622171 0.6489743522302893
1.1499672657154696 0.665039254128212
1.1548358500502724 0.681399072376621
1.1597950266934287 0.6980570645746738
1.1648448730875332 0.7150165498876635
1.169985465516644 0.7322809040571749
1.175216881332802 0.7498535670407855
1.1805391976946442 0.7677380389385302
1.1859524915742685 0.7859378801783505
1.1914568401027057 0.8044567128396667
1.1970523202519612 0.8232982197469731
1.202739009305233 0.8424661462159244
1.2085169846094357 0.8619642993865622
1.2143863229559924 0.8817965462950779
1.220347101765275 0.9019668180349967
1.2263993979650338 0.92247910613214
1.2325432895206683 0.9433374678944761
1.2387788527398946 0.9645460174321077
1.2451061653373907 0.9861089362220254
1.251525304857489 1.008030467927468
1.2580363480947103 1.0303149165720873
1.2646393727189729 1.0529666522569339
1.2713344559817579 1.0759901069056386
1.278121674977717 1.0993897753150303
1.285001107618323 1.1231702186827062
1.2919728310567233 1.147336059343294
1.2990369222097553 1.1718919827148229
1.3061934594862439 1.196842743485604
1.3134425194023103 1.2221931540039228
1.3207841803833935 1.2479480977006538
1.3282185189689333 1.2741125159827607
1.3357456130734966 1.3006914198256179
1.3433655402787346 1.3276898839577318
1.3510783781711622 1.3551130482108396
1.3588842045930354 1.3829661185838713
1.366783096192649 1.411254362225408
1.3747751315783363 1.4399831188797187
1.3828603876947643 1.4691577880859188
1.3910389430632224 1.4987838409912038
1.3993108742448412 1.528866807742435
1.4076762593946412 1.559412290515041
1.4161351759163459 1.5904259551818702
1.4246877026513394 1.6219135395006465

1.4671510341074006 1.6444586139958899
1.4616459878900412 1.6222693974512112
1.4562406751176897 1.600486150886784
1.4509350267885344 1.5791049104243244
1.4457289743032473 1.5581217859734973
1.4406224492562008 1.5375329602325576
1.4356153827639255 1.517334685823009
1.4307077061840365 1.4975232880289173
1.425899350630128 1.4780951626807193
1.4211902480775782 1.4590467804669132
1.416580329297723 1.4403746784253628
1.412069526062305 1.4220754687005908
1.4076577694130097 1.4041458313794926
1.403344991041887 1.3865825199330124
1.3991311222935747 1.369382357009234
1.3950160944838084 1.3525422355649375
1.390999839088328 1.336059119481971
1.3870822875573456 1.3199300426542142
1.3832633714837221 1.3041521095249347
1.3795430221267806 1.2887224929624663
1.3759211710018298 1.2736384365355469
1.3723977494862591 1.2588972527262836
1.3689726893670755 1.2444963250669945
1.3656459218481296 1.2304331038208902
1.3624173785318816 1.2167051099432458
1.3592869909093963 1.2033099327843249
1.3562546907701822 1.1902452316896106
1.3533204091812032 1.1775087314428405
1.3504840781515624 1.165098229299777
1.3477456287858378 1.153011586815678
1.3451049930606234 1.1412467374620667
1.342562102361835 1.1298016800406026
1.3401168882754408 1.1186744820088057
1.3377692822160911 1.1078632776500514
1.3355192162345162 1.097366271654765
1.3333666215966855 1.0871817323988164
1.3313114300856992 1.0773079978212587
1.3293535731222976 1.0677434711246971
1.327492982627514 1.0584866247927693
1.3257295900674535 1.0495359957733053
1.3240633272880913 1.0408901894632798
1.3224941257122333 1.0325478754540658
1.3210219172642172 1.0245077921993992
1.319646633416108 1.0167687417911666
1.3183682060905493 1.0093295947410446
1.3171865668761695 1.0021892854497239
1.3161016474845444 0.9953468145982005
1.3151133797469283 0.9888012491079865
1.3142216952951125 0.9825517199017211
1.3134265259340547 0.9765974241812228
1.3127278034188976 0.9709376238069936
1.3121254595319543 0.9655716456811272
1.3116194260840046 0.9604988816949738
1.3112096347963524 0.9557187873019035
1.310896017517945 0.9512308835757417
1.310678506074674 0.9470347557570109
1.3105570322611764 0.9431300524574171
1.310531527921821 0.939516486967656
1.3106019248962324 0.936193836298693
1.3107681550460508 0.9331619408553944
1.3110301502200177 0.9304207051023128
1.3113878423002283 0.9279700964616557
1.3118411631514713 0.9258101458518828
1.3123900447022134 0.9239409470353079
1.3130344188351626 0.9223626569801036
1.313774217479756 0.9210754953144942
1.314609372477865 0.920079744439156
1.3155398158990554 0.9193757489895087
1.316565479581405 0.9189639162111127
1.317686295514855 0.9188447154088069
1.3189021956335054 0.9190186779601208
1.320213111972241 0.9194863971563978
1.3216189764852957 0.9202485280264476
1.323119721069863 0.921305787122807
1.3247152778618476 0.9226589526041977
1.3264055789076878 0.9243088638995978
1.3281905560347673 0.9262564213391169
1.3300701413920888 0.9285025865619787
1.332044267117741 0.9310483820837547
1.3341128651554435 0.9338948908695082
1.3362758676231017 0.9370432566518956
1.338533206416177 0.940494683228198
1.340884813824396 0.9442504352382148
1.3433306218968544 0.948311837069147
1.3458705626387966 0.9526802729714201
1.348504568336543 0.9573571874842834
1.3512325709695117 0.9623440842712114
1.3540545026932538 0.9676425268099378
1.3569702958080008 0.9732541382261719
1.359979882152904 0.9791805999697296
1.3630831940815855 0.9854236535494081
1.3662801638968773 0.9919850993215478
1.3695707236948085 0.9988667959994773
1.3729548055057188 1.0060706607686516
1.3764323416642037 1.0135986699359139
1.3800032642926812 1.0214528576912367
1.383667505965196 1.0296353174168718
1.3874249984151077 1.0381481986650436
1.3912756742697305 1.0469937108883136
1.3952194655441679 1.056174119903765
1.3992563047348483 1.0656917502471215
1.4033861239175036 1.0755489829314704
1.4076088554319997 1.0857482569037948
1.4119244314631372 1.096292067906548
1.416332784483069 1.1071829694092883
1.420833846971171 1.1184235717982771
1.4254275510165901 1.1300165412227443
1.4301138287465414 1.1419646004960016
1.434892612910177 1.1542705304667282
1.4397638357587428 1.1669371670263935
1.4447274296346484 1.1799674024550084
1.4497833269183857 1.1933641851464003
1.4549314598536478 1.207130518998392
1.4601717609808715 1.221269464426718
1.4655041627053098 1.2357841370753135
1.4709285974583823 1.2506777081006817
1.4764449976711744 1.2659534039571025
1.4820532955764665 1.281614505697438
1.4877534242832906 1.297664351844313
1.4935453153796283 1.3141063315146022
1.499428901756627 1.3309438922152599
1.5054041159152018 1.3481805349454086
1.5114708903300609 1.3658198150707506
1.5176291572489535 1.3838653415868776
1.5238788497273204 1.402320780017535
1.5302198999914793 1.4211898474741989
1.5366522403563037 1.440476315181182
1.5431758035535752 1.460184009338771
1.5497905222088257 1.48031680942973
1.5564963288882825 1.5008786482094023
1.5632931560800893 1.5218735114985815
1.5701809362387573 1.5433054381714104
1.5771596021254146 1.5651785210799054
1.5842290865944784 1.5874969062710762
1.591389321821392 1.6102647903915646
1.5986402406427858 1.6334864247759517

1.6223321966964226 0.5246103661503332
1.584002877549795 0.38598567941263506
1.5457419713714002 0.2509967103762383
1.5075495417277684 0.11962555651665507
1.4694256585905983 -0.008145653469603387
1.431370384287977 -0.13233480761140526
1.3933837867944503 -0.25295976557651567
1.3554659300361305 -0.3700383905582778
1.317616881449327 -0.48358852505029604
1.2798367096781482 -0.5936279988838815
1.2421254753969135 -0.7001746551771011
1.2044832504297887 -0.8032462952354567
1.16691009495521 -0.9028607427453033
1.1294060813316587 -0.9990357785433093
1.0919712720989254 -1.091789199347901
1.0546057329659868 -1.1811387829052058
1.0173095308699809 -1.2671022936461254
0.980082734793577 -1.349697481331652
0.942925407185334 -1.4289420997536322
0.9058376165667663 -1.5048538785580132
0.8688194269105498 -1.577450546120359
0.8318709057368794 -1.646749812652745

-0.7576282732012911 -1.6373047833441001
-0.791300162432412 -1.5738609963035013
-0.8248992517257563 -1.5079381308095927
-0.858425475150378 -1.4395532536177864
-0.8918787673454303 -1.3687234139182614
-0.9252590586082565 -1.2954656539743887
-0.9585662821201435 -1.219796993992358
-0.9918003722658697 -1.1417344349059593
-1.0249612629024893 -1.0612949620677425
-1.0580488858621462 -0.9784955491442837
-1.0910631743314534 -0.8933531499338792
-1.1240040588885873 -0.8058847084085543
-1.1568714746293218 -0.7161071398575296
-1.1896653567919868 -0.6240373415034404
-1.2223856337487637 -0.5296922128124946
-1.2550322406183605 -0.4330886171844901
-1.2876051116410518 -0.33424340271276853
-1.3201041774764104 -0.23317341090994415
-1.3525293716329032 -0.129895457219948
-1.3848806260937445 -0.02442634425672896
-1.4171578760427561 0.08321715367630222
-1.449361053283893 0.19301826921358223
-1.4814900900814758 0.30496025430339846
-1.5135449173268856 0.41902637390361797
-1.545525472158935 0.535199933553387
-1.577431684236567 0.6534642304109748
-1.6092634873816114 0.7738025950480136
-1.6410208128527959 0.8961983669314406

-1.0243188637526224 1.567584060061328
-0.9846882507786685 1.4796049845373207
-0.9449316722448664 1.3949769326392198
-0.9050490482930703 1.3137344130006747
-0.8650403028890382 1.2359120808735282
-0.824905363132568 1.1615447353482398
-0.7846441525792547 1.090667306676309
-0.7442565942282653 1.0233148629732334
-0.7037426103737973 0.9595226104737868
-0.6631021283259919 0.8993259022926157
-0.6223350704249383 0.8427602229107722
-0.5814413617379074 0.789861200321311
-0.5404209224235146 0.7406645961716334
-0.4992736815859552 0.6952063229565104
-0.4579995596906228 0.6535224230792736
-0.41659848422435164 0.6156490867547622
-0.3750703721249845 0.581622635330048
-0.33341515518189613 0.5514795437168183
-0.29163275475242667 0.5252564188413258
-0.24972309257185338 0.5029900100979172
-0.20768609401806842 0.48471721065831685
-0.1655216837242161 0.4704750546649137
-0.12322978463635097 0.460300717631801
-0.08081032115575315 0.45423151778633275
-0.03826321603916642 0.4523049155947443
0.004411606592686912 0.4545585144859301
0.047214222413982654 0.4610300606394133
0.09014470810429387 0.4717574434700358
0.13320313648965762 0.48677869441363786
0.17638959027166612 0.5061319920727403
0.21970414052570053 0.5298556545068915
0.2631468653416621 0.5579881466665391
0.3067178396320255 0.5905680759893317
0.3504171438144551 0.6276341988342424
0.3942448482406532 0.6692254079188222
0.438201032078532 0.7153807482460879
0.48228577170010467 0.7661394078281238
0.5264991438739938 0.8215407206606398
0.5708412241073776 0.8816241648208227
0.6153120889746785 0.9464293655621807
0.6599118150520655 1.0159960943702648
0.7046404754250232 1.0903642632047008
0.7494981523826624 1.1695739459953831
0.7944849193595593 1.2536653489367788
0.8396008495441991 1.3426788235649512
0.884846022457304 1.436654880854359
0.9302205180225783 1.5356341815007344
0.97572440569159 1.6396575109388687

1.126144738896555 1.6344581943261818
1.1202249842905418 1.6182436248329903
1.1143332017452088 1.6021843289505862
1.1084693451799077 1.586279047988624
1.1026333694328603 1.5705265336116083
1.0968252294414953 1.5549255455524564
1.0910448797159338 1.5394748501728692
1.0852922753384853 1.5241732231140803
1.0795673712667084 1.5090194473902363
1.0738701230077208 1.4940123151393503
1.0682004856338878 1.4791506249853121
1.0625584144199178 1.4644331836948048
1.0569438652355039 1.4498588071524243
1.05135679414611 1.435426319265828
1.045797156415919 1.4211345493684595
1.0402649082400133 1.406982336661796
1.0347600058945603 1.392968527971009
1.029282405322897 1.379091976666054
1.0238320632089937 1.3653515453539535
1.0184089359004087 1.351746103110135
1.0130129798229035 1.3382745265040357
1.0076441523776263 1.324935701790391
1.002302409975527 1.311728519975122
0.9969877095587387 1.2986518805818577
0.9917000083721716 1.2857046910350096
0.9864392639640881 1.2728858666161997
0.9812054335515612 1.2601943288846096
0.9759984746217095 1.2476290071171148
0.9708183449650631 1.2351888383457288
0.9656650022832374 1.222872766378126
0.9605384047677368 1.2106797431497087
0.9554385102610168 1.198608726688327
0.9503652768311799 1.1866586824585523
0.9453186631356607 1.1748285841731998
0.9402986274371772 1.163117411444028
0.9353051285755328 1.1515241520289736
0.9303381250403902 1.1400477996370206
0.9253975755375277 1.1286873552210759
0.9204834392073676 1.1174418274393556
0.9155956755599142 1.1063102324583758
0.9107342431453229 1.0952915909017542
0.9058991019489586 1.0843849332668083
0.9010902109193805 1.07358929428581
0.8963075303225251 1.062903718204045
0.8915510195832093 1.0523272538966522
0.8868206386332478 1.0418589578650037
0.882116347332161 1.0314978929125305
0.877438106381235 1.0212431301229539
0.8727858755788713 1.011093744995132
0.8681596155038873 1.0010488211119632
0.863559286708467 0.9911074483361282
0.8589848501109362 0.9812687236303592
0.8544362663694827 0.9715317496775815
0.849913496560255 0.9618956363117221
0.8454165013593788 0.952359498742605
0.8409452426079963 0.9429224608477706
0.8364996811778743 0.9335836506181527
0.8320797787559194 0.9243422039051237
0.827685497136929 0.9151972628889071
0.8233167978538207 0.9061479752862533
0.8189736428837195 0.89719349579256
0.8146559942220118 0.8883329851655843
0.8103638139793838 0.8795656103996485
0.8060970646740888 0.8708905452904085
0.8018557085817957 0.8623069690804961
0.7976397080232716 0.8538140670267154
0.7934490260734361 0.845411031794062
0.7892836253920573 0.8370970610702422
0.7851434689456542 0.828871358993746
0.7810285198191758 0.8207331357462726
0.776938741351277 0.8126816077912475
0.7728740966362158 0.8047159968667907
0.7688345496415668 0.7968355321504783
0.7648200635198185 0.7890394469277262
0.7608306021697028 0.7813269816178394
0.7568661295077191 0.7736973823211726
0.7529266095693259 0.7661499009906403
0.7490120066456692 0.7586837956656898
0.745122284875505 0.7512983296673146
0.7412574085948272 0.743992772243038
0.7374173426540269 0.7367663991332449
0.7336020515454419 0.7296184908981076
0.7298115003093824 0.7225483345981036
0.7260456536158315 0.7155552220494166
0.7223044768428374 0.7086384518080726
0.7185879349769716 0.7017973271013571
0.7148959936499215 0.6950311577190416
0.7112286182189214 0.6883392582931935
0.7075857743541691 0.681720949354037
0.703967427831583 0.6751755569236335
0.7003735447930486 0.668702412959711
0.6968040908379836 0.6623008536961534
0.6932590323544541 0.6559702220162067
0.6897383359470033 0.6497098663875778
0.6862419676454875 0.6435191394371369
0.6827698942038104 0.6373974002381866
0.6793220823723134 0.6313440129894428
0.6758984990882441 0.625358347328449
0.672499111115142 0.6194397776792377
0.6691238859716431 0.6135876848467423
0.6657727904323663 0.6078014533877529
0.662445792266578 0.6020804746023232
0.6591428590056511 0.5964241443735161
0.6558639582185493 0.5908318636262395
0.6526090575958995 0.5853030384500069
0.6493781252118962 0.579837080518544
0.6461711292850507 0.5744334066561554
0.6429880378663988 0.5690914382925785
0.6398288194764209 0.5638106025130831
0.6366934422657988 0.5585903306304036
0.6335818752947391 0.5534300602964681
0.6304940871313288 0.5483292331441478
0.6274300466752096 0.543287296138268
0.6243897229537287 0.5383037012138898
0.6213730851617361 0.5333779053196381
0.618380102614818 0.5285093703191388
0.6154107447662354 0.5236975629973777
0.612464981292585 0.5189419551772965
0.6095427818336179 0.5142420232782394
0.606644116163062 0.5095972485732387
0.6037689545682379 0.505007117772962
0.6009172667858816 0.5004711213042117
0.5980890234963259 0.4959887556728759
0.5952841949517722 0.4915595212578834
0.592502751627062 0.48718292332900215
0.5897446641770165 0.4828584719572313
0.5870099034966159 0.47858568208720653
0.5842984406436232 0.47436407339402686
0.581610246761759 0.4701931701436477
0.5789452929578975 0.46607250098489517
0.5763035505055288 0.462001599247331
0.573684991092706 0.45798000330098
0.5710895863632034 0.4540072558285779
0.5685173080902869 0.4500829040755918
0.5659681281723413 0.4462064998245667
0.5634420187135951 0.44237759949850064
0.5609389519755367 0.438595764066944
0.5584589002348765 0.43486055881314645
0.5560018358052103 0.43117155335073565
0.5535677317455989 0.42752832266635576
0.5511565604618829 0.4239304450034034
0.5487682950270445 0.42037750382300576
0.5464029082624482 0.41686908641321363
0.5440603736626397 0.41340478524514657
0.5417406642906235 0.4099841963168478
0.5394437537770129 0.4066069206146321
0.537169615629669 0.40327256307557624
0.5349182235335559 0.39998073301316617
0.5326895515878927 0.39673104444434193
0.5304835735480078 0.3935231149657439
0.5283002637668159 0.3903565671095499
0.5261395963621193 0.38723102711462243
0.5240015459417695 0.3841461259615184
0.5218860869948391 0.3811014984740675
0.5197931942144515 0.37809678377022826
0.5177228424791891 0.37513162521770793
0.5156750068681489 0.37220567043818864
0.5136496624318225 0.36931857096375365
0.5116467843685357 0.3664699824740676
0.5096663481634194 0.363659564977062
0.5077083295249104 0.3608869827008334
0.5057727039280462 0.35815190343192826
0.5038594472924223 0.35545399946010203
0.5019685356557332 0.3527929470992923
0.5000999450077903 0.35016842643956725
0.49825365172587216 0.3475801219439927
0.4964296320932619 0.3450277217570097
0.49462786277670645 0.34251091835859615
0.4928483203833167 0.3400294079289168
0.49109098181571686 0.3375828908298073
0.4893558239584025 0.3351710711526188
0.487642823866176 0.3327936569665919
0.4859519588366945 0.33045036040439446
0.48428320638851907 0.32814089761633514
0.48263654386870564 0.3258649882133626
0.4810119489967576 0.32362235600603473
0.47940939958267464 0.3214127285998969
0.47782887365643995 0.319235837560194
0.47627034924089634 0.31709141808513475
0.4747338045191844 0.3149792092232224
0.4732192179709801 0.3128989540464957
0.4717265681331706 0.3108503993078646
0.4702558335599657 0.3088332953735258
0.46880699314321966 0.30684739664912675
0.46738002574410115 0.3048924610613799
0.4659749104965346 0.3029682504610287
0.46459162671864973 0.3010745304883877
0.4632301536051675 0.29921107013953696
0.46189047086417023 0.29737764262532007
0.4605725579508232 0.29557402430991053
0.4592763948568949 0.29379999577892146
0.45800196145378225 0.2920553409279716
0.4567492377885622 0.2903398473555754
0.4555182041222102 0.288653306403408
0.4543088408179571 0.2869955129914621
0.4531211283850382 0.2853662656660565
0.4519550474929794 0.28376536660769514
0.45081057892655485 0.2821926215576034
0.4496877037301247 0.280647840004687
0.4485864028120664 0.2791308346298831
0.44750665756664904 0.27764142215068865
0.4464484492237286 0.27617942241427196
0.44541175944194195 0.27474465920461744
0.4443965698119934 0.2733369595457269
0.4434028620999405 0.27195615402632556
0.4424306182933768 0.27060207685387994
0.4414798205191106 0.2692745657301725
0.44055045098015944 0.2679734617524807
0.43964249205164546 0.26669860953671254
0.43875592629690763 0.2654498572303807
0.4378907362801458 0.2642270562382498
0.4370469049779202 0.2630300617934187
0.436224415195771 0.2618587321221988
0.4354232501418746 0.2607129292473802
0.43464339295837895 0.2595925183115875
0.43388482713848286 0.2584973681642322
0.43314753614626555 0.2574273508063072
0.43243150370559336 0.2563823417971385
0.431736713585608 0.2553622199339556
0.4310631498191079 0.25436686756195503
0.4304107964835772 0.2533961702441352
0.4297796378336649 0.25245001694648117
0.4291696582880992 0.25152830001097004
0.4285808424046837 0.25063091510980806
0.4280131748604747 0.24975776120588833
0.4274666404727334 0.24890874057508783
0.4269412242702372 0.24808375890978596
0.426436911354533 0.24728272509482485
0.4259536870105644 0.24650555137159547
0.42549153665597234 0.24575215325055
0.4250504458724384 0.24502244955408292
0.4246304003394127 0.24431636229882314
0.4242313859441271 0.24363381687083585
0.4238533886826845 0.2429747418534416
0.4234963946969458 0.24233906908001646
0.42316039028666913 0.24172673364859643
0.4228453619023968 0.24113767390366925
0.4225512961147541 0.24057183137052385
0.42227817967648223 0.24002915086560117
0.42202599945623476 0.23950958036272918
0.4217947424756585 0.23901307105578673
0.42158439593077934 0.23853957740313336
0.421394947124966 0.2380890569746561
0.421226383513685 0.23766147053548559
0.4210786927344934 0.2372567821250393
0.4209518625353681 0.23687495886900112
0.42084588082337876 0.23651597109431544
0.4207607356526403 0.23617979229351516
0.42069641522184104 0.23586639910513418
0.4206529078859841 0.23557577137229613
0.4206302021338441 0.23530789201079694
0.42062828661010226 0.2350627471399851
0.42064715010362724 0.23484032597954485
0.4206867815532034 0.23464062089211835
0.4207471700380176 0.23446362738820858
0.420828304796194 0.23430934405948856
0.42093017520615417 0.2341777726425902
0.4210527707906264 0.23406891798298268
0.42119608122789476 0.23398278802418604
0.4213600963425512 0.23391939381620785
0.42154480610986667 0.23387874950720633
0.4217502006391505 0.23386087234081776
0.42197627019239387 0.23386578264541913
0.42222300520529554 0.2338935038367833
0.42249039623072954 0.2339440624108764
0.42277843397127446 0.23401748793733956
0.4230871092954473 0.2341138130624867
0.42341641321235635 0.2342330735004461
0.4237663368788799 0.23437530803033257
0.42413687161657465 0.2345405585003344
0.42452800883875597 0.2347288697906278
0.42493974017379016 0.2349402898659314
0.4253720573735668 0.23517486973174062
0.42582495234286144 0.2354326634442967
0.4262984171278913 0.2357137281010635
0.42679244392654103 0.23601812384327925
0.427307025094729 0.2363459138575621
0.4278421531040921 0.2366971643458009
0.4283978206206888 0.23707194457328074
0.42897402046844224 0.23747032684453173
0.4295707455227227 0.23789238642528
0.43018798896706645 0.2383382017199911
0.43082574395596784 0.2388078540305425
0.431484003933799 0.23930142778296037
0.43216276246165275 0.2398190104016371
0.43286201322013074 0.2403606923073318
0.4335817500170899 0.24092656691969827
0.4343219668804658 0.2415167307289685
0.4350826579505866 0.24213128321061217
0.4358638175219509 0.242770326856228
0.43666544001496055 0.24343396714884635
0.43748752004379776 0.2441223126176999
0.43833005239046097 0.24483547481699386
0.4391930318913821 0.24557356822811194
0.44007645362475517 0.24633671041713434
0.4409803127530528 0.24712502189990393
0.44190460467869785 0.2479386262762442
0.4428493248820886 0.24877765008839026
0.4438144689791401 0.24964222286939686
0.4448000327925998 0.25053247720687244
0.4458060122824733 0.25144854868118016
0.44683240354790027 0.2523905758664462
0.4478792028491204 0.25335870035045804
0.4489464065770569 0.2543530667065872
0.45003401126514875 0.25537382250439067
0.45114201364279205 0.2564211183602607
0.45227041059049844 0.2574951078964396
0.4534191990990729 0.2585959477021973
0.4545883763836097 0.25972379744340834
0.45577793963244834 0.26087881962098036
0.4569878863890353 0.26206117994041733
0.45821821435730736 0.26327104712704985
0.4594689211467595 0.26450859267425075
0.4607400047448433 0.265773991308762
0.4620314632449748 0.26706742072554857
0.4633432948704205 0.2683890616118536
0.46467549799369995 0.26973909766769255
0.46602807104342503 0.27111771551208763
0.4674010129041606 0.27252510509298
0.468794322272863 0.2739614590324999
0.47020799816621883 0.2754269731463945
0.47164203973322144 0.276921846254929
0.47309644627927233 0.27844628020970674
0.47457121723786766 0.28000047986606535
0.4760663521619228 0.28158465307545866
0.4775818508573567 0.28319901082959964
0.47911771322617075 0.2848437670973334
0.4806739393135399 0.2865191388764883
0.482250529422954 0.2882253463212654
0.4838474837594675 0.2899626123589658
0.4854648028271965 0.29173116312162795
0.4871024874993498 0.2935312280303839
0.4887605384918903 0.295363039221749
0.490438956682134 0.2972268318968252
0.49213774341804406 0.2991228446709915
0.49385689974589253 0.3010513187178181
0.4955964273686268 0.30301249884299697
0.49735632761481224 0.30500663233110514
0.49913660235838914 0.30703396998446886
0.5009372535137898 0.30909476555897064
0.502758283127182 0.31118927587008516
0.5045996934063209 0.31331776083100804
0.5064614867388014 0.31548048347839686
0.508343665525292 0.31767770978233467
0.5102462325581699 0.31990970909205196
0.5121691907204611 0.32217675379158406
0.5141125428394038 0.32447911912874816
0.5160762921397932 0.3268170837549049
0.5180604419609532 0.329190929397543
0.5200649955818104 0.33160094065334356
0.5220899567693634 0.33404740565126945
0.524135329155524 0.33653061530926887
0.5262011167512364 0.33905086395983197
0.5282873236474606 0.3416084489946778
0.530393953946029 0.34420367078275316
0.5325210121026299 0.3468368330972418
0.5346685025399456 0.34950824264496383
0.5368364301706996 0.352218209722037
0.5390247996045802 0.3549670472314992
0.5412336159721469 0.3577550717179778
0.5434628844073657 0.3605826027272263
0.5457126102852694 0.36344996311149247
0.547982798880428 0.36635747860020684
0.5502734559163502 0.36930547850740103
0.5525845873023524 0.37229429540646763
0.5549161987900275 0.3753242646904775
0.5572682966342968 0.3783957254345611
0.5596408869175273 0.38150901952495
0.5620339760580384 0.3846644923278275
0.5644475707459777 0.3878624926171945
0.5668816776698512 0.3911033722210293
0.5693363035660415 0.3943874860901455
0.5718114556487593 0.39771519288172485
0.5743071408559535 0.4010868539563426
0.5768233668962375 0.40450283479635374
0.5793601408670623 0.4079635031444995
0.5819174707470273 0.41146923103724387
0.5844953642347066 0.41502039323367956
0.5870938291977712 0.41861736783246295
0.5897128738926701 0.4222605365869696
0.5923525065488796 0.42595028433914717
0.5950127356762155 0.4296869994546637
0.5976935698375934 0.4334710735143852
0.6003950177925107 0.43730290152372797
0.6031170883662348 0.44118288173612363
0.6058597907183105 0.4451114160445002
0.6086231341054809 0.4490889096546504
0.6114071280098473 0.45311577127833935
0.6142117817359368 0.4571924125581093
0.6170371050399541 0.4613192489863156
0.6198831079744882 0.46549669969682816
0.6227498004520967 0.46972518683459885
0.6256371925471113 0.4740051360033337
0.6285452947072975 0.4783369765917296
0.6314741174164817 0.4827211412852952
0.6344236713711279 0.48715806633847336
0.6373939673149358 0.49164819133645254
0.6403850160854718 0.49619195927260806
0.6433968291434538 0.5007898173667258
0.6464294176720269 0.5054422157080538
0.6494827928205897 0.5101496076266352
0.6525569666665562 0.5149124511907053
0.6556519505335764 0.5197312066223181
0.6587677568140382 0.524606339132232
0.6619043970933884 0.5295383160098521
0.6650618838963895 0.5345276093634508
0.6682402295488717 0.5395746943502195
0.6714394467019869 0.5446800500127231
0.6746595480269146 0.5498441588065153
0.6779005464117227 0.5550675069246962
0.6811624547677905 0.560350583998021
0.6844452864647514 0.5656938838113654
0.6877490549097209 0.5710979036381514
0.6910737735804292 0.5765631443025558
0.6944194558713661 0.5820901099337155
0.6977861159757315 0.5876793094362716
0.701173767805725 0.5933312547236476
0.7045824253881783 0.5990464613778785
0.7080121032522639 0.6048254493156999
0.7114628155930824 0.6106687413962237
0.7149345775764612 0.6165768656395199
0.7184274033421516 0.6225503518508919
0.7219413081862358 0.6285897353444174
0.725476307349735 0.6346955549014592
0.729032415998585 0.6408683527405603
0.7326096495063639 0.6471086750157204
0.7362080235088946 0.6534170719284664
0.739827553836708 0.6597940976272132
0.7434682564030978 0.6662403100244267
0.7471301474652366 0.6727562712734878
0.7508132428086849 0.6793425463295057
0.7545175591396402 0.6859997054442091
0.7582431130828127 0.6927283224002407
0.7619899214512479 0.6995289750063294
0.7657580007572922 0.7064022442194191
0.769547368451952 0.713348716416526
0.773358041616865 0.7203689810297591
0.777190037640844 0.7274636317933161
0.7810433739608724 0.7346332662826875
0.784918068362858 0.7418784864889436
0.788814138788847 0.7491998984801411
0.792731603195321 0.7565981121488661
0.7966704799607949 0.764073741996999
0.8006307870142892 0.7716274054978616
0.8046125431347758 0.7792597255806584
0.8086157670069039 0.7869713288561806
0.8126404776314404 0.7947628464178675
0.8166866935321634 0.8026349123192114
0.8207544344088354 0.8105881667997323
0.8248437193552653 0.818623252841153
0.8289545678927442 0.8267408181930485
0.8330869996972997 0.8349415148605159
0.8372410344230885 0.8432259987682102
0.841416692200175 0.8515949307689579
0.8456139933346285 0.8600489760714982
0.8498329576594273 0.8685888029419946
0.8540736059731684 0.8772150856239946
0.8583359590451556 0.8859285023580425
0.8626200375219928 0.8947297351979997
0.8669258622484555 0.9036194706790734
0.8712534544673127 0.9125984002537322
0.8756028354465872 0.9216672195433375
0.8799740267180527 0.9308266288508897
0.8843670498177596 0.9400773326374781
0.8887819264330836 0.9494200398450894
0.8932186786280065 0.958855464395465
0.8976773284859071 0.9683843244553829
0.9021578983752865 0.9780073430207361
0.9066604106306198 0.9877252472521274
0.9111848879269931 0.9975387692987545
0.9157313528415919 1.0074486453696299
0.920299828797928 1.017455617812971
0.9248903382257975 1.0275604311129407
0.9295029047417532 1.0377638366825823
0.9341375517444828 1.0480665898097365
0.9387943028612552 1.0584694506567
0.9434731817806601 1.0689731839081595
0.9481742122974279 1.079578558887813
0.9528974186806154 1.0902863504129412
0.9576428253261586 1.101097338039387
0.9624104561527351 1.1120123046944181
0.9672003364274451 1.1230320408726695
0.9720124901763099 1.1341573387231696
0.9768469427091968 1.1453889978720082
0.9817037194275173 1.1567278227173938
0.9865828448902358 1.1681746202511851
0.9914843448009177 1.1797302047193465
0.9964082448008371 1.1913953948344105
1.0013545706295357 1.2031710141681398
1.006323348126883 1.2150578911752943
1.0113146034107727 1.2270568596408946
1.0163283623977568 1.239168757548966
1.0213646523550421 1.2513944308607101
1.0264234989365693 1.2637347263602914
1.0315049291075562 1.2761904987589414
1.0366089700564511 1.2887626081000487
1.0417356487860006 1.3014519187718419
1.0468849922499428 1.314259299851039
1.0520570282143675 1.3271856272718354
1.057251784022509 1.340231780779643
1.0624692876443809 1.3533986465749286
1.0677095666503842 1.3666871147567998
1.0729726491625367 1.3800980817426485
1.0782585635111912 1.3936324494355352
1.0835673383661968 1.40729112559006
1.088899002083219 1.4210750221542945
1.094253583042375 1.4349850561469286
1.0996311109089985 1.449022152972593
1.1050316140016525 1.4631872395977474
1.110455122266587 1.4774812523391456
1.1159016644699435 1.4919051295286483
1.1213712706490995 1.5064598179923223
1.126863970255838 1.5211462681704244
1.1323797935687963 1.5359654378994279
1.1379187701979003 1.5509182884340111
1.1434809304961073 1.5660057882582397
1.1490663050717975 1.5812289118175316
1.1546749246668542 1.5965886392168072
1.1603068198527966 1.6120859554073967
1.1659620213577908 1.6277218510984781
1.1716405604976192 1.6434973239838913

